"Time (ps)"	"Counts per bin"
0	1278
100000	1306
200000	1275
300000	1297
400000	1291
500000	1326
600000	1284
700000	1313
800000	1364
900000	1308
1000000	1218
1100000	1336
1200000	1280
1300000	1341
1400000	1291
1500000	1218
1600000	1275
1700000	1284
1800000	1238
1900000	1229
2000000	1198
2100000	1294
2200000	1283
2300000	1217
2400000	1257
2500000	1212
2600000	1218
2700000	1229
2800000	1152
2900000	1199
3000000	1220
3100000	1215
3200000	1231
3300000	1225
3400000	1235
3500000	1225
3600000	1143
3700000	1227
3800000	1157
3900000	1111
4000000	1161
4100000	1213
4200000	1112
4300000	1242
4400000	1134
4500000	1227
4600000	1122
4700000	1191
4800000	1140
4900000	1153
5000000	1091
5100000	1104
5200000	1165
5300000	1130
5400000	1184
5500000	1127
5600000	1170
5700000	1133
5800000	1109
5900000	1200
6000000	1070
6100000	1119
6200000	1108
6300000	1076
6400000	1138
6500000	1034
6600000	1126
6700000	1076
6800000	1062
6900000	1114
7000000	1057
7100000	1061
7200000	1044
7300000	1088
7400000	1125
7500000	1064
7600000	1135
7700000	1060
7800000	1036
7900000	1073
8000000	1047
8100000	1023
8200000	1043
8300000	1098
8400000	1073
8500000	1052
8600000	1011
8700000	1041
8800000	976
8900000	1071
9000000	1007
9100000	971
9200000	1009
9300000	977
9400000	988
9500000	1030
9600000	1012
9700000	968
9800000	978
9900000	1005
10000000	982
10100000	989
10200000	980
10300000	958
10400000	945
10500000	992
10600000	1006
10700000	987
10800000	957
10900000	963
11000000	931
11100000	967
11200000	905
11300000	970
11400000	958
11500000	924
11600000	890
11700000	934
11800000	875
11900000	924
12000000	945
12100000	940
12200000	983
12300000	928
12400000	959
12500000	904
12600000	918
12700000	930
12800000	925
12900000	920
13000000	925
13100000	915
13200000	912
13300000	915
13400000	925
13500000	899
13600000	857
13700000	903
13800000	872
13900000	898
14000000	913
14100000	855
14200000	904
14300000	934
14400000	878
14500000	914
14600000	871
14700000	860
14800000	875
14900000	893
15000000	882
15100000	893
15200000	838
15300000	899
15400000	854
15500000	869
15600000	908
15700000	905
15800000	866
15900000	851
16000000	866
16100000	853
16200000	829
16300000	808
16400000	853
16500000	828
16600000	904
16700000	866
16800000	838
16900000	826
17000000	827
17100000	851
17200000	787
17300000	811
17400000	832
17500000	819
17600000	819
17700000	820
17800000	768
17900000	840
18000000	818
18100000	857
18200000	807
18300000	820
18400000	812
18500000	862
18600000	782
18700000	822
18800000	845
18900000	806
19000000	826
19100000	798
19200000	807
19300000	779
19400000	812
19500000	793
19600000	838
19700000	798
19800000	756
19900000	726
20000000	794
20100000	707
20200000	770
20300000	729
20400000	752
20500000	735
20600000	802
20700000	774
20800000	776
20900000	774
21000000	795
21100000	731
21200000	787
21300000	763
21400000	759
21500000	749
21600000	811
21700000	751
21800000	755
21900000	739
22000000	724
22100000	729
22200000	765
22300000	755
22400000	706
22500000	713
22600000	722
22700000	747
22800000	779
22900000	753
23000000	729
23100000	747
23200000	738
23300000	746
23400000	732
23500000	754
23600000	773
23700000	753
23800000	703
23900000	751
24000000	746
24100000	662
24200000	730
24300000	728
24400000	705
24500000	742
24600000	707
24700000	661
24800000	697
24900000	666
25000000	692
25100000	669
25200000	739
25300000	727
25400000	735
25500000	675
25600000	686
25700000	637
25800000	718
25900000	660
26000000	683
26100000	663
26200000	663
26300000	731
26400000	643
26500000	677
26600000	728
26700000	690
26800000	673
26900000	712
27000000	718
27100000	612
27200000	689
27300000	691
27400000	748
27500000	721
27600000	694
27700000	726
27800000	704
27900000	693
28000000	649
28100000	685
28200000	705
28300000	641
28400000	705
28500000	676
28600000	640
28700000	660
28800000	667
28900000	652
29000000	709
29100000	663
29200000	646
29300000	642
29400000	656
29500000	631
29600000	653
29700000	631
29800000	603
29900000	677
30000000	637
30100000	661
30200000	588
30300000	648
30400000	631
30500000	640
30600000	587
30700000	656
30800000	633
30900000	634
31000000	653
31100000	634
31200000	668
31300000	609
31400000	667
31500000	632
31600000	592
31700000	670
31800000	613
31900000	651
32000000	612
32100000	617
32200000	604
32300000	627
32400000	655
32500000	600
32600000	588
32700000	602
32800000	640
32900000	670
33000000	604
33100000	609
33200000	612
33300000	572
33400000	585
33500000	629
33600000	571
33700000	608
33800000	605
33900000	575
34000000	581
34100000	569
34200000	555
34300000	617
34400000	566
34500000	582
34600000	610
34700000	618
34800000	599
34900000	586
35000000	593
35100000	581
35200000	585
35300000	600
35400000	587
35500000	628
35600000	591
35700000	589
35800000	602
35900000	589
36000000	601
36100000	538
36200000	563
36300000	588
36400000	594
36500000	583
36600000	582
36700000	575
36800000	519
36900000	537
37000000	581
37100000	585
37200000	561
37300000	581
37400000	630
37500000	574
37600000	580
37700000	578
37800000	566
37900000	555
38000000	579
38100000	593
38200000	509
38300000	568
38400000	529
38500000	581
38600000	522
38700000	553
38800000	579
38900000	546
39000000	539
39100000	546
39200000	551
39300000	568
39400000	549
39500000	543
39600000	541
39700000	509
39800000	550
39900000	530
40000000	487
40100000	542
40200000	532
40300000	572
40400000	548
40500000	508
40600000	557
40700000	517
40800000	477
40900000	527
41000000	522
41100000	532
41200000	573
41300000	554
41400000	520
41500000	503
41600000	534
41700000	552
41800000	517
41900000	513
42000000	539
42100000	501
42200000	474
42300000	509
42400000	533
42500000	508
42600000	548
42700000	544
42800000	490
42900000	501
43000000	511
43100000	540
43200000	530
43300000	532
43400000	510
43500000	527
43600000	553
43700000	565
43800000	508
43900000	560
44000000	506
44100000	507
44200000	473
44300000	502
44400000	484
44500000	468
44600000	482
44700000	493
44800000	506
44900000	485
45000000	478
45100000	510
45200000	491
45300000	531
45400000	514
45500000	463
45600000	538
45700000	488
45800000	506
45900000	482
46000000	516
46100000	456
46200000	511
46300000	473
46400000	506
46500000	477
46600000	468
46700000	452
46800000	498
46900000	507
47000000	505
47100000	470
47200000	451
47300000	489
47400000	477
47500000	477
47600000	490
47700000	469
47800000	493
47900000	499
48000000	524
48100000	478
48200000	418
48300000	495
48400000	511
48500000	490
48600000	503
48700000	482
48800000	472
48900000	460
49000000	470
49100000	443
49200000	466
49300000	483
49400000	478
49500000	487
49600000	460
49700000	490
49800000	461
49900000	498
50000000	479
50100000	460
50200000	490
50300000	458
50400000	467
50500000	419
50600000	437
50700000	456
50800000	402
50900000	450
51000000	499
51100000	440
51200000	459
51300000	442
51400000	480
51500000	473
51600000	453
51700000	462
51800000	470
51900000	420
52000000	413
52100000	444
52200000	473
52300000	453
52400000	469
52500000	452
52600000	429
52700000	417
52800000	416
52900000	463
53000000	440
53100000	475
53200000	433
53300000	445
53400000	403
53500000	429
53600000	446
53700000	417
53800000	400
53900000	409
54000000	435
54100000	444
54200000	441
54300000	436
54400000	439
54500000	465
54600000	418
54700000	426
54800000	403
54900000	462
55000000	495
55100000	450
55200000	424
55300000	447
55400000	454
55500000	414
55600000	440
55700000	465
55800000	408
55900000	427
56000000	409
56100000	424
56200000	423
56300000	422
56400000	420
56500000	427
56600000	408
56700000	391
56800000	416
56900000	434
57000000	415
57100000	449
57200000	413
57300000	392
57400000	412
57500000	442
57600000	421
57700000	387
57800000	395
57900000	440
58000000	449
58100000	411
58200000	406
58300000	379
58400000	394
58500000	440
58600000	373
58700000	406
58800000	403
58900000	369
59000000	390
59100000	416
59200000	378
59300000	448
59400000	450
59500000	397
59600000	428
59700000	408
59800000	391
59900000	404
60000000	372
60100000	401
60200000	384
60300000	417
60400000	406
60500000	395
60600000	424
60700000	404
60800000	405
60900000	398
61000000	400
61100000	375
61200000	382
61300000	393
61400000	417
61500000	409
61600000	378
61700000	402
61800000	393
61900000	377
62000000	373
62100000	372
62200000	380
62300000	379
62400000	399
62500000	368
62600000	401
62700000	401
62800000	383
62900000	380
63000000	382
63100000	346
63200000	384
63300000	381
63400000	361
63500000	389
63600000	379
63700000	397
63800000	390
63900000	398
64000000	401
64100000	363
64200000	410
64300000	369
64400000	368
64500000	410
64600000	342
64700000	367
64800000	401
64900000	360
65000000	408
65100000	357
65200000	382
65300000	382
65400000	350
65500000	354
65600000	365
65700000	357
65800000	358
65900000	353
66000000	377
66100000	381
66200000	339
66300000	391
66400000	394
66500000	362
66600000	393
66700000	351
66800000	399
66900000	378
67000000	388
67100000	350
67200000	370
67300000	421
67400000	376
67500000	350
67600000	358
67700000	371
67800000	350
67900000	393
68000000	386
68100000	321
68200000	345
68300000	357
68400000	367
68500000	358
68600000	353
68700000	357
68800000	360
68900000	341
69000000	394
69100000	351
69200000	370
69300000	342
69400000	367
69500000	325
69600000	347
69700000	346
69800000	321
69900000	317
70000000	345
70100000	375
70200000	332
70300000	295
70400000	359
70500000	333
70600000	360
70700000	347
70800000	356
70900000	328
71000000	334
71100000	355
71200000	322
71300000	290
71400000	383
71500000	356
71600000	372
71700000	338
71800000	359
71900000	342
72000000	369
72100000	343
72200000	329
72300000	355
72400000	348
72500000	340
72600000	294
72700000	337
72800000	353
72900000	364
73000000	310
73100000	329
73200000	341
73300000	322
73400000	333
73500000	321
73600000	383
73700000	337
73800000	346
73900000	328
74000000	306
74100000	355
74200000	273
74300000	301
74400000	310
74500000	346
74600000	350
74700000	304
74800000	328
74900000	360
75000000	333
75100000	301
75200000	319
75300000	302
75400000	328
75500000	344
75600000	334
75700000	313
75800000	316
75900000	338
76000000	322
76100000	342
76200000	325
76300000	315
76400000	293
76500000	346
76600000	325
76700000	321
76800000	303
76900000	317
77000000	313
77100000	346
77200000	311
77300000	323
77400000	305
77500000	302
77600000	319
77700000	329
77800000	293
77900000	295
78000000	312
78100000	339
78200000	308
78300000	330
78400000	314
78500000	311
78600000	320
78700000	324
78800000	294
78900000	319
79000000	373
79100000	305
79200000	305
79300000	305
79400000	280
79500000	318
79600000	300
79700000	287
79800000	310
79900000	333
80000000	281
80100000	306
80200000	316
80300000	283
80400000	301
80500000	307
80600000	294
80700000	301
80800000	306
80900000	297
81000000	280
81100000	291
81200000	297
81300000	313
81400000	305
81500000	293
81600000	285
81700000	280
81800000	340
81900000	282
82000000	330
82100000	298
82200000	304
82300000	313
82400000	261
82500000	297
82600000	284
82700000	295
82800000	308
82900000	302
83000000	312
83100000	293
83200000	289
83300000	291
83400000	312
83500000	298
83600000	272
83700000	282
83800000	280
83900000	306
84000000	316
84100000	288
84200000	312
84300000	300
84400000	288
84500000	277
84600000	317
84700000	275
84800000	291
84900000	274
85000000	286
85100000	282
85200000	293
85300000	282
85400000	288
85500000	264
85600000	279
85700000	314
85800000	262
85900000	300
86000000	263
86100000	272
86200000	250
86300000	261
86400000	285
86500000	313
86600000	263
86700000	302
86800000	314
86900000	287
87000000	232
87100000	288
87200000	292
87300000	297
87400000	308
87500000	269
87600000	294
87700000	292
87800000	283
87900000	280
88000000	275
88100000	276
88200000	267
88300000	280
88400000	267
88500000	277
88600000	269
88700000	285
88800000	269
88900000	280
89000000	289
89100000	254
89200000	257
89300000	281
89400000	271
89500000	270
89600000	279
89700000	278
89800000	262
89900000	247
90000000	267
90100000	279
90200000	289
90300000	280
90400000	234
90500000	240
90600000	234
90700000	291
90800000	262
90900000	281
91000000	252
91100000	272
91200000	282
91300000	253
91400000	244
91500000	258
91600000	261
91700000	249
91800000	278
91900000	269
92000000	254
92100000	274
92200000	257
92300000	252
92400000	245
92500000	235
92600000	258
92700000	242
92800000	272
92900000	245
93000000	271
93100000	261
93200000	241
93300000	246
93400000	278
93500000	250
93600000	252
93700000	245
93800000	279
93900000	247
94000000	269
94100000	222
94200000	239
94300000	269
94400000	222
94500000	236
94600000	263
94700000	272
94800000	269
94900000	249
95000000	245
95100000	216
95200000	247
95300000	237
95400000	239
95500000	253
95600000	276
95700000	234
95800000	253
95900000	227
96000000	247
96100000	230
96200000	231
96300000	228
96400000	231
96500000	237
96600000	255
96700000	241
96800000	262
96900000	265
97000000	265
97100000	254
97200000	238
97300000	248
97400000	269
97500000	242
97600000	261
97700000	231
97800000	210
97900000	234
98000000	246
98100000	240
98200000	279
98300000	232
98400000	237
98500000	249
98600000	256
98700000	265
98800000	235
98900000	247
99000000	259
99100000	235
99200000	230
99300000	221
99400000	242
99500000	211
99600000	218
99700000	264
99800000	242
99900000	240
100000000	253
100100000	215
100200000	233
100300000	220
100400000	242
100500000	244
100600000	232
100700000	220
100800000	262
100900000	239
101000000	231
101100000	222
101200000	244
101300000	226
101400000	222
101500000	236
101600000	227
101700000	221
101800000	219
101900000	240
102000000	242
102100000	228
102200000	237
102300000	219
102400000	220
102500000	224
102600000	231
102700000	231
102800000	210
102900000	225
103000000	246
103100000	201
103200000	220
103300000	233
103400000	222
103500000	221
103600000	231
103700000	229
103800000	240
103900000	232
104000000	219
104100000	237
104200000	222
104300000	226
104400000	232
104500000	240
104600000	225
104700000	238
104800000	207
104900000	257
105000000	224
105100000	208
105200000	221
105300000	223
105400000	234
105500000	218
105600000	224
105700000	223
105800000	235
105900000	228
106000000	210
106100000	237
106200000	234
106300000	203
106400000	211
106500000	205
106600000	231
106700000	219
106800000	218
106900000	215
107000000	219
107100000	242
107200000	217
107300000	232
107400000	242
107500000	229
107600000	205
107700000	221
107800000	247
107900000	194
108000000	205
108100000	232
108200000	217
108300000	201
108400000	236
108500000	230
108600000	191
108700000	215
108800000	198
108900000	220
109000000	213
109100000	218
109200000	218
109300000	215
109400000	198
109500000	195
109600000	232
109700000	233
109800000	209
109900000	218
110000000	222
110100000	208
110200000	210
110300000	221
110400000	230
110500000	213
110600000	205
110700000	208
110800000	234
110900000	205
111000000	208
111100000	210
111200000	214
111300000	195
111400000	168
111500000	209
111600000	185
111700000	212
111800000	194
111900000	194
112000000	211
112100000	207
112200000	188
112300000	213
112400000	215
112500000	200
112600000	205
112700000	223
112800000	195
112900000	216
113000000	180
113100000	228
113200000	220
113300000	198
113400000	185
113500000	204
113600000	199
113700000	195
113800000	190
113900000	195
114000000	163
114100000	213
114200000	198
114300000	179
114400000	195
114500000	203
114600000	200
114700000	191
114800000	195
114900000	213
115000000	222
115100000	205
115200000	187
115300000	192
115400000	188
115500000	196
115600000	194
115700000	186
115800000	159
115900000	190
116000000	184
116100000	185
116200000	166
116300000	175
116400000	222
116500000	199
116600000	199
116700000	183
116800000	206
116900000	194
117000000	189
117100000	203
117200000	199
117300000	195
117400000	182
117500000	205
117600000	226
117700000	198
117800000	206
117900000	176
118000000	212
118100000	199
118200000	198
118300000	199
118400000	194
118500000	161
118600000	218
118700000	196
118800000	188
118900000	191
119000000	182
119100000	189
119200000	189
119300000	163
119400000	182
119500000	187
119600000	171
119700000	201
119800000	198
119900000	166
120000000	178
120100000	192
120200000	173
120300000	232
120400000	182
120500000	175
120600000	174
120700000	185
120800000	181
120900000	160
121000000	212
121100000	202
121200000	177
121300000	168
121400000	193
121500000	194
121600000	178
121700000	186
121800000	164
121900000	187
122000000	201
122100000	189
122200000	180
122300000	182
122400000	197
122500000	165
122600000	164
122700000	207
122800000	168
122900000	184
123000000	160
123100000	175
123200000	187
123300000	168
123400000	159
123500000	183
123600000	180
123700000	163
123800000	191
123900000	161
124000000	170
124100000	175
124200000	171
124300000	175
124400000	180
124500000	192
124600000	174
124700000	162
124800000	187
124900000	178
125000000	179
125100000	160
125200000	158
125300000	180
125400000	162
125500000	168
125600000	165
125700000	165
125800000	160
125900000	178
126000000	177
126100000	169
126200000	173
126300000	174
126400000	181
126500000	165
126600000	175
126700000	129
126800000	183
126900000	183
127000000	173
127100000	186
127200000	160
127300000	167
127400000	159
127500000	181
127600000	183
127700000	184
127800000	161
127900000	194
128000000	170
128100000	181
128200000	163
128300000	178
128400000	160
128500000	177
128600000	184
128700000	166
128800000	182
128900000	154
129000000	155
129100000	174
129200000	144
129300000	180
129400000	179
129500000	190
129600000	179
129700000	155
129800000	156
129900000	173
130000000	134
130100000	158
130200000	182
130300000	202
130400000	142
130500000	174
130600000	169
130700000	172
130800000	167
130900000	155
131000000	157
131100000	154
131200000	152
131300000	178
131400000	169
131500000	169
131600000	164
131700000	151
131800000	183
131900000	168
132000000	178
132100000	162
132200000	140
132300000	151
132400000	172
132500000	167
132600000	160
132700000	162
132800000	157
132900000	151
133000000	179
133100000	152
133200000	142
133300000	162
133400000	158
133500000	158
133600000	160
133700000	154
133800000	159
133900000	172
134000000	160
134100000	167
134200000	176
134300000	175
134400000	167
134500000	183
134600000	148
134700000	150
134800000	177
134900000	154
135000000	178
135100000	172
135200000	136
135300000	153
135400000	151
135500000	142
135600000	162
135700000	158
135800000	161
135900000	148
136000000	174
136100000	159
136200000	132
136300000	151
136400000	159
136500000	147
136600000	160
136700000	140
136800000	158
136900000	159
137000000	179
137100000	130
137200000	150
137300000	154
137400000	159
137500000	176
137600000	160
137700000	156
137800000	129
137900000	129
138000000	151
138100000	168
138200000	145
138300000	162
138400000	136
138500000	150
138600000	156
138700000	159
138800000	145
138900000	147
139000000	185
139100000	164
139200000	176
139300000	162
139400000	135
139500000	147
139600000	148
139700000	163
139800000	127
139900000	149
140000000	142
140100000	140
140200000	166
140300000	157
140400000	154
140500000	117
140600000	132
140700000	140
140800000	135
140900000	147
141000000	153
141100000	155
141200000	178
141300000	153
141400000	157
141500000	146
141600000	164
141700000	150
141800000	139
141900000	163
142000000	153
142100000	151
142200000	120
142300000	146
142400000	141
142500000	147
142600000	151
142700000	147
142800000	143
142900000	146
143000000	156
143100000	130
143200000	153
143300000	144
143400000	142
143500000	148
143600000	155
143700000	142
143800000	140
143900000	123
144000000	131
144100000	126
144200000	138
144300000	136
144400000	137
144500000	126
144600000	137
144700000	140
144800000	134
144900000	160
145000000	148
145100000	150
145200000	120
145300000	149
145400000	138
145500000	132
145600000	136
145700000	133
145800000	131
145900000	154
146000000	156
146100000	156
146200000	145
146300000	145
146400000	137
146500000	138
146600000	132
146700000	145
146800000	119
146900000	162
147000000	149
147100000	141
147200000	133
147300000	117
147400000	133
147500000	146
147600000	121
147700000	165
147800000	133
147900000	131
148000000	110
148100000	138
148200000	126
148300000	123
148400000	141
148500000	145
148600000	124
148700000	149
148800000	139
148900000	136
149000000	131
149100000	131
149200000	135
149300000	145
149400000	136
149500000	115
149600000	119
149700000	118
149800000	129
149900000	135
150000000	149
150100000	124
150200000	126
150300000	117
150400000	149
150500000	112
150600000	148
150700000	122
150800000	125
150900000	131
151000000	135
151100000	114
151200000	147
151300000	140
151400000	140
151500000	138
151600000	128
151700000	130
151800000	129
151900000	132
152000000	134
152100000	112
152200000	134
152300000	143
152400000	131
152500000	121
152600000	122
152700000	128
152800000	129
152900000	143
153000000	133
153100000	130
153200000	141
153300000	124
153400000	121
153500000	113
153600000	133
153700000	106
153800000	112
153900000	116
154000000	116
154100000	127
154200000	135
154300000	143
154400000	122
154500000	117
154600000	145
154700000	127
154800000	143
154900000	126
155000000	114
155100000	147
155200000	128
155300000	123
155400000	120
155500000	145
155600000	118
155700000	139
155800000	109
155900000	127
156000000	104
156100000	142
156200000	118
156300000	106
156400000	126
156500000	128
156600000	131
156700000	122
156800000	133
156900000	141
157000000	135
157100000	132
157200000	128
157300000	112
157400000	131
157500000	119
157600000	112
157700000	120
157800000	114
157900000	110
158000000	130
158100000	121
158200000	123
158300000	130
158400000	126
158500000	119
158600000	133
158700000	124
158800000	142
158900000	125
159000000	145
159100000	117
159200000	143
159300000	138
159400000	119
159500000	116
159600000	109
159700000	136
159800000	127
159900000	106
160000000	114
160100000	119
160200000	126
160300000	151
160400000	116
160500000	110
160600000	114
160700000	117
160800000	131
160900000	120
161000000	120
161100000	110
161200000	118
161300000	133
161400000	128
161500000	110
161600000	105
161700000	114
161800000	132
161900000	124
162000000	125
162100000	109
162200000	117
162300000	113
162400000	99
162500000	91
162600000	118
162700000	111
162800000	122
162900000	117
163000000	103
163100000	131
163200000	116
163300000	133
163400000	111
163500000	106
163600000	129
163700000	104
163800000	123
163900000	109
164000000	111
164100000	125
164200000	116
164300000	103
164400000	105
164500000	131
164600000	106
164700000	134
164800000	111
164900000	95
165000000	114
165100000	109
165200000	116
165300000	109
165400000	127
165500000	102
165600000	130
165700000	103
165800000	112
165900000	125
166000000	110
166100000	100
166200000	102
166300000	102
166400000	117
166500000	115
166600000	115
166700000	105
166800000	115
166900000	79
167000000	110
167100000	112
167200000	98
167300000	115
167400000	108
167500000	111
167600000	123
167700000	104
167800000	131
167900000	84
168000000	97
168100000	120
168200000	110
168300000	128
168400000	103
168500000	118
168600000	99
168700000	104
168800000	108
168900000	98
169000000	113
169100000	111
169200000	105
169300000	100
169400000	99
169500000	116
169600000	96
169700000	108
169800000	113
169900000	111
170000000	105
170100000	96
170200000	101
170300000	77
170400000	96
170500000	95
170600000	106
170700000	91
170800000	118
170900000	92
171000000	84
171100000	89
171200000	100
171300000	105
171400000	106
171500000	111
171600000	111
171700000	116
171800000	99
171900000	112
172000000	129
172100000	102
172200000	103
172300000	106
172400000	99
172500000	119
172600000	107
172700000	105
172800000	108
172900000	81
173000000	110
173100000	107
173200000	82
173300000	94
173400000	105
173500000	112
173600000	110
173700000	119
173800000	101
173900000	88
174000000	105
174100000	93
174200000	116
174300000	104
174400000	113
174500000	115
174600000	107
174700000	122
174800000	115
174900000	106
175000000	95
175100000	118
175200000	95
175300000	85
175400000	104
175500000	89
175600000	105
175700000	88
175800000	107
175900000	96
176000000	111
176100000	98
176200000	116
176300000	108
176400000	87
176500000	97
176600000	98
176700000	104
176800000	123
176900000	88
177000000	104
177100000	105
177200000	106
177300000	112
177400000	111
177500000	118
177600000	83
177700000	104
177800000	91
177900000	91
178000000	112
178100000	101
178200000	93
178300000	92
178400000	96
178500000	100
178600000	90
178700000	96
178800000	93
178900000	86
179000000	88
179100000	87
179200000	87
179300000	93
179400000	116
179500000	84
179600000	84
179700000	96
179800000	103
179900000	101
180000000	93
180100000	96
180200000	102
180300000	100
180400000	102
180500000	99
180600000	97
180700000	85
180800000	115
180900000	90
181000000	84
181100000	115
181200000	103
181300000	85
181400000	108
181500000	85
181600000	97
181700000	105
181800000	90
181900000	99
182000000	99
182100000	97
182200000	97
182300000	107
182400000	79
182500000	104
182600000	90
182700000	88
182800000	94
182900000	96
183000000	108
183100000	84
183200000	90
183300000	87
183400000	91
183500000	70
183600000	99
183700000	79
183800000	87
183900000	84
184000000	97
184100000	88
184200000	99
184300000	88
184400000	72
184500000	99
184600000	112
184700000	78
184800000	97
184900000	92
185000000	97
185100000	84
185200000	85
185300000	100
185400000	104
185500000	86
185600000	81
185700000	102
185800000	99
185900000	88
186000000	89
186100000	90
186200000	84
186300000	89
186400000	93
186500000	86
186600000	82
186700000	87
186800000	83
186900000	89
187000000	103
187100000	90
187200000	99
187300000	86
187400000	85
187500000	80
187600000	77
187700000	93
187800000	86
187900000	82
188000000	76
188100000	94
188200000	75
188300000	80
188400000	90
188500000	92
188600000	103
188700000	79
188800000	89
188900000	87
189000000	85
189100000	95
189200000	92
189300000	110
189400000	87
189500000	93
189600000	88
189700000	87
189800000	86
189900000	66
190000000	83
190100000	79
190200000	105
190300000	80
190400000	96
190500000	91
190600000	81
190700000	78
190800000	105
190900000	93
191000000	89
191100000	101
191200000	78
191300000	76
191400000	78
191500000	90
191600000	75
191700000	82
191800000	78
191900000	84
192000000	82
192100000	103
192200000	95
192300000	83
192400000	89
192500000	79
192600000	107
192700000	90
192800000	76
192900000	98
193000000	85
193100000	77
193200000	77
193300000	88
193400000	92
193500000	86
193600000	83
193700000	96
193800000	76
193900000	86
194000000	78
194100000	72
194200000	95
194300000	99
194400000	80
194500000	77
194600000	90
194700000	99
194800000	77
194900000	75
195000000	103
195100000	88
195200000	84
195300000	88
195400000	89
195500000	91
195600000	74
195700000	99
195800000	76
195900000	65
196000000	63
196100000	76
196200000	75
196300000	60
196400000	81
196500000	79
196600000	75
196700000	74
196800000	81
196900000	77
197000000	89
197100000	85
197200000	89
197300000	75
197400000	89
197500000	76
197600000	93
197700000	92
197800000	80
197900000	81
198000000	92
198100000	74
198200000	91
198300000	82
198400000	83
198500000	85
198600000	98
198700000	92
198800000	47
198900000	80
199000000	68
199100000	69
199200000	68
199300000	79
199400000	79
199500000	74
199600000	75
199700000	83
199800000	76
199900000	88
