"Time (ps)"	"Counts per bin"
0	1488
100000	1459
200000	1413
300000	1438
400000	1458
500000	1487
600000	1502
700000	1456
800000	1340
900000	1383
1000000	1428
1100000	1486
1200000	1399
1300000	1354
1400000	1335
1500000	1370
1600000	1365
1700000	1353
1800000	1358
1900000	1424
2000000	1359
2100000	1374
2200000	1332
2300000	1379
2400000	1256
2500000	1371
2600000	1468
2700000	1318
2800000	1295
2900000	1257
3000000	1248
3100000	1279
3200000	1277
3300000	1244
3400000	1289
3500000	1264
3600000	1277
3700000	1206
3800000	1300
3900000	1253
4000000	1255
4100000	1258
4200000	1244
4300000	1191
4400000	1239
4500000	1213
4600000	1252
4700000	1203
4800000	1253
4900000	1224
5000000	1203
5100000	1182
5200000	1182
5300000	1184
5400000	1223
5500000	1261
5600000	1165
5700000	1191
5800000	1200
5900000	1187
6000000	1170
6100000	1159
6200000	1177
6300000	1176
6400000	1179
6500000	1173
6600000	1187
6700000	1130
6800000	1192
6900000	1150
7000000	1140
7100000	1154
7200000	1153
7300000	1185
7400000	1131
7500000	1199
7600000	1204
7700000	1076
7800000	1153
7900000	1121
8000000	1189
8100000	1076
8200000	1174
8300000	1106
8400000	1029
8500000	1134
8600000	1092
8700000	1091
8800000	1058
8900000	1064
9000000	1088
9100000	1122
9200000	1098
9300000	1052
9400000	1064
9500000	1034
9600000	1066
9700000	1094
9800000	1103
9900000	1028
10000000	1096
10100000	1039
10200000	1053
10300000	1016
10400000	1028
10500000	1081
10600000	1026
10700000	1050
10800000	1046
10900000	1020
11000000	1001
11100000	1023
11200000	1021
11300000	1041
11400000	1055
11500000	1016
11600000	1046
11700000	970
11800000	984
11900000	976
12000000	993
12100000	987
12200000	1019
12300000	975
12400000	1044
12500000	1014
12600000	1003
12700000	965
12800000	991
12900000	991
13000000	968
13100000	960
13200000	993
13300000	1043
13400000	1037
13500000	928
13600000	967
13700000	963
13800000	979
13900000	918
14000000	972
14100000	956
14200000	967
14300000	947
14400000	913
14500000	908
14600000	881
14700000	918
14800000	938
14900000	897
15000000	967
15100000	980
15200000	932
15300000	957
15400000	1000
15500000	917
15600000	916
15700000	935
15800000	927
15900000	906
16000000	884
16100000	921
16200000	856
16300000	948
16400000	904
16500000	866
16600000	908
16700000	907
16800000	915
16900000	853
17000000	863
17100000	918
17200000	909
17300000	903
17400000	941
17500000	856
17600000	884
17700000	876
17800000	894
17900000	885
18000000	931
18100000	860
18200000	839
18300000	867
18400000	855
18500000	908
18600000	843
18700000	800
18800000	826
18900000	849
19000000	863
19100000	879
19200000	821
19300000	781
19400000	868
19500000	832
19600000	871
19700000	809
19800000	831
19900000	812
20000000	811
20100000	811
20200000	805
20300000	851
20400000	818
20500000	804
20600000	841
20700000	831
20800000	826
20900000	863
21000000	810
21100000	766
21200000	847
21300000	807
21400000	768
21500000	777
21600000	842
21700000	808
21800000	817
21900000	748
22000000	788
22100000	829
22200000	735
22300000	778
22400000	828
22500000	817
22600000	868
22700000	825
22800000	798
22900000	756
23000000	769
23100000	770
23200000	758
23300000	763
23400000	812
23500000	748
23600000	751
23700000	784
23800000	780
23900000	765
24000000	790
24100000	789
24200000	794
24300000	756
24400000	743
24500000	799
24600000	802
24700000	714
24800000	767
24900000	770
25000000	722
25100000	742
25200000	765
25300000	730
25400000	757
25500000	746
25600000	747
25700000	744
25800000	748
25900000	738
26000000	754
26100000	788
26200000	781
26300000	753
26400000	759
26500000	707
26600000	760
26700000	780
26800000	746
26900000	748
27000000	690
27100000	730
27200000	672
27300000	736
27400000	709
27500000	736
27600000	692
27700000	747
27800000	710
27900000	701
28000000	680
28100000	755
28200000	730
28300000	692
28400000	703
28500000	705
28600000	709
28700000	694
28800000	716
28900000	746
29000000	708
29100000	687
29200000	685
29300000	688
29400000	679
29500000	687
29600000	672
29700000	701
29800000	707
29900000	693
30000000	649
30100000	670
30200000	751
30300000	687
30400000	652
30500000	639
30600000	680
30700000	748
30800000	686
30900000	664
31000000	688
31100000	701
31200000	636
31300000	714
31400000	687
31500000	654
31600000	643
31700000	674
31800000	699
31900000	691
32000000	669
32100000	650
32200000	608
32300000	698
32400000	674
32500000	652
32600000	649
32700000	648
32800000	613
32900000	637
33000000	670
33100000	647
33200000	661
33300000	627
33400000	595
33500000	642
33600000	628
33700000	627
33800000	618
33900000	666
34000000	655
34100000	633
34200000	615
34300000	668
34400000	658
34500000	625
34600000	665
34700000	631
34800000	609
34900000	677
35000000	661
35100000	634
35200000	613
35300000	655
35400000	648
35500000	611
35600000	625
35700000	622
35800000	627
35900000	584
36000000	584
36100000	620
36200000	682
36300000	644
36400000	646
36500000	648
36600000	613
36700000	646
36800000	588
36900000	625
37000000	647
37100000	571
37200000	600
37300000	644
37400000	563
37500000	612
37600000	587
37700000	605
37800000	622
37900000	599
38000000	610
38100000	600
38200000	587
38300000	646
38400000	591
38500000	582
38600000	567
38700000	566
38800000	602
38900000	602
39000000	569
39100000	589
39200000	612
39300000	587
39400000	554
39500000	564
39600000	583
39700000	595
39800000	537
39900000	640
40000000	545
40100000	561
40200000	572
40300000	608
40400000	582
40500000	591
40600000	615
40700000	553
40800000	572
40900000	563
41000000	595
41100000	607
41200000	594
41300000	557
41400000	572
41500000	553
41600000	533
41700000	559
41800000	570
41900000	545
42000000	585
42100000	590
42200000	581
42300000	556
42400000	579
42500000	545
42600000	579
42700000	536
42800000	538
42900000	553
43000000	532
43100000	499
43200000	563
43300000	545
43400000	541
43500000	492
43600000	565
43700000	504
43800000	533
43900000	551
44000000	556
44100000	522
44200000	539
44300000	541
44400000	569
44500000	557
44600000	518
44700000	511
44800000	524
44900000	535
45000000	460
45100000	555
45200000	504
45300000	523
45400000	535
45500000	505
45600000	533
45700000	534
45800000	516
45900000	505
46000000	575
46100000	494
46200000	535
46300000	521
46400000	516
46500000	500
46600000	532
46700000	543
46800000	513
46900000	515
47000000	520
47100000	535
47200000	573
47300000	552
47400000	502
47500000	488
47600000	498
47700000	501
47800000	527
47900000	520
48000000	484
48100000	522
48200000	544
48300000	553
48400000	565
48500000	497
48600000	544
48700000	492
48800000	476
48900000	515
49000000	531
49100000	460
49200000	498
49300000	489
49400000	505
49500000	478
49600000	468
49700000	492
49800000	503
49900000	519
50000000	497
50100000	512
50200000	471
50300000	522
50400000	482
50500000	496
50600000	541
50700000	498
50800000	501
50900000	470
51000000	498
51100000	486
51200000	498
51300000	465
51400000	489
51500000	463
51600000	500
51700000	504
51800000	497
51900000	502
52000000	477
52100000	470
52200000	431
52300000	442
52400000	426
52500000	460
52600000	481
52700000	502
52800000	494
52900000	534
53000000	458
53100000	475
53200000	489
53300000	471
53400000	435
53500000	419
53600000	473
53700000	461
53800000	469
53900000	511
54000000	442
54100000	472
54200000	456
54300000	502
54400000	481
54500000	434
54600000	477
54700000	489
54800000	450
54900000	484
55000000	463
55100000	480
55200000	481
55300000	457
55400000	477
55500000	441
55600000	479
55700000	461
55800000	453
55900000	431
56000000	440
56100000	456
56200000	415
56300000	456
56400000	463
56500000	483
56600000	437
56700000	450
56800000	435
56900000	456
57000000	396
57100000	403
57200000	443
57300000	420
57400000	431
57500000	423
57600000	400
57700000	428
57800000	440
57900000	413
58000000	472
58100000	452
58200000	471
58300000	428
58400000	437
58500000	439
58600000	409
58700000	465
58800000	421
58900000	439
59000000	453
59100000	440
59200000	418
59300000	415
59400000	449
59500000	453
59600000	462
59700000	419
59800000	404
59900000	478
60000000	426
60100000	411
60200000	431
60300000	403
60400000	383
60500000	412
60600000	450
60700000	427
60800000	436
60900000	410
61000000	425
61100000	434
61200000	409
61300000	433
61400000	399
61500000	410
61600000	408
61700000	464
61800000	449
61900000	433
62000000	444
62100000	407
62200000	386
62300000	399
62400000	422
62500000	415
62600000	426
62700000	416
62800000	404
62900000	404
63000000	367
63100000	416
63200000	368
63300000	384
63400000	413
63500000	422
63600000	393
63700000	377
63800000	386
63900000	433
64000000	425
64100000	406
64200000	401
64300000	411
64400000	385
64500000	392
64600000	380
64700000	373
64800000	403
64900000	352
65000000	386
65100000	385
65200000	403
65300000	380
65400000	409
65500000	413
65600000	381
65700000	387
65800000	389
65900000	384
66000000	391
66100000	388
66200000	402
66300000	395
66400000	438
66500000	391
66600000	396
66700000	369
66800000	409
66900000	402
67000000	421
67100000	386
67200000	410
67300000	386
67400000	386
67500000	380
67600000	399
67700000	401
67800000	378
67900000	388
68000000	416
68100000	409
68200000	366
68300000	381
68400000	376
68500000	394
68600000	408
68700000	395
68800000	375
68900000	385
69000000	358
69100000	402
69200000	401
69300000	411
69400000	378
69500000	359
69600000	360
69700000	390
69800000	349
69900000	381
70000000	355
70100000	387
70200000	379
70300000	369
70400000	376
70500000	381
70600000	379
70700000	376
70800000	341
70900000	362
71000000	379
71100000	372
71200000	332
71300000	330
71400000	351
71500000	355
71600000	345
71700000	360
71800000	344
71900000	369
72000000	359
72100000	373
72200000	370
72300000	386
72400000	379
72500000	361
72600000	382
72700000	383
72800000	327
72900000	350
73000000	369
73100000	389
73200000	333
73300000	383
73400000	356
73500000	336
73600000	364
73700000	351
73800000	342
73900000	355
74000000	371
74100000	356
74200000	375
74300000	352
74400000	349
74500000	322
74600000	357
74700000	355
74800000	356
74900000	349
75000000	343
75100000	317
75200000	359
75300000	355
75400000	362
75500000	354
75600000	312
75700000	306
75800000	367
75900000	362
76000000	318
76100000	375
76200000	326
76300000	357
76400000	381
76500000	365
76600000	368
76700000	350
76800000	355
76900000	348
77000000	327
77100000	338
77200000	310
77300000	352
77400000	329
77500000	344
77600000	348
77700000	340
77800000	305
77900000	333
78000000	343
78100000	343
78200000	304
78300000	360
78400000	336
78500000	338
78600000	317
78700000	306
78800000	340
78900000	330
79000000	320
79100000	323
79200000	299
79300000	308
79400000	320
79500000	316
79600000	319
79700000	348
79800000	333
79900000	352
80000000	326
80100000	332
80200000	334
80300000	305
80400000	323
80500000	330
80600000	344
80700000	309
80800000	337
80900000	326
81000000	312
81100000	329
81200000	302
81300000	351
81400000	325
81500000	273
81600000	321
81700000	336
81800000	303
81900000	305
82000000	357
82100000	328
82200000	326
82300000	313
82400000	331
82500000	292
82600000	336
82700000	334
82800000	320
82900000	329
83000000	332
83100000	272
83200000	292
83300000	300
83400000	299
83500000	302
83600000	307
83700000	284
83800000	295
83900000	299
84000000	277
84100000	322
84200000	286
84300000	323
84400000	291
84500000	277
84600000	316
84700000	296
84800000	284
84900000	271
85000000	308
85100000	286
85200000	303
85300000	279
85400000	294
85500000	288
85600000	316
85700000	294
85800000	285
85900000	292
86000000	324
86100000	295
86200000	279
86300000	308
86400000	308
86500000	285
86600000	292
86700000	299
86800000	285
86900000	311
87000000	296
87100000	313
87200000	304
87300000	304
87400000	338
87500000	324
87600000	295
87700000	259
87800000	275
87900000	254
88000000	266
88100000	281
88200000	300
88300000	287
88400000	293
88500000	243
88600000	291
88700000	309
88800000	283
88900000	308
89000000	287
89100000	317
89200000	288
89300000	316
89400000	309
89500000	283
89600000	337
89700000	277
89800000	295
89900000	266
90000000	301
90100000	294
90200000	263
90300000	280
90400000	246
90500000	261
90600000	260
90700000	314
90800000	292
90900000	268
91000000	269
91100000	278
91200000	294
91300000	250
91400000	266
91500000	291
91600000	264
91700000	254
91800000	268
91900000	290
92000000	291
92100000	274
92200000	267
92300000	279
92400000	291
92500000	277
92600000	273
92700000	327
92800000	275
92900000	297
93000000	287
93100000	288
93200000	275
93300000	273
93400000	281
93500000	287
93600000	282
93700000	270
93800000	261
93900000	279
94000000	260
94100000	265
94200000	275
94300000	266
94400000	270
94500000	262
94600000	282
94700000	260
94800000	270
94900000	288
95000000	252
95100000	273
95200000	280
95300000	275
95400000	259
95500000	274
95600000	292
95700000	270
95800000	245
95900000	267
96000000	260
96100000	257
96200000	237
96300000	263
96400000	288
96500000	288
96600000	275
96700000	265
96800000	261
96900000	262
97000000	257
97100000	290
97200000	274
97300000	256
97400000	275
97500000	262
97600000	238
97700000	230
97800000	239
97900000	243
98000000	280
98100000	289
98200000	281
98300000	262
98400000	257
98500000	266
98600000	249
98700000	247
98800000	255
98900000	281
99000000	265
99100000	272
99200000	255
99300000	260
99400000	270
99500000	246
99600000	249
99700000	253
99800000	247
99900000	247
100000000	238
100100000	229
100200000	223
100300000	263
100400000	256
100500000	242
100600000	253
100700000	237
100800000	250
100900000	278
101000000	241
101100000	229
101200000	275
101300000	239
101400000	240
101500000	256
101600000	245
101700000	255
101800000	221
101900000	270
102000000	221
102100000	258
102200000	227
102300000	231
102400000	262
102500000	249
102600000	231
102700000	253
102800000	245
102900000	248
103000000	249
103100000	230
103200000	206
103300000	240
103400000	263
103500000	245
103600000	209
103700000	241
103800000	240
103900000	246
104000000	239
104100000	222
104200000	212
104300000	249
104400000	250
104500000	226
104600000	244
104700000	235
104800000	259
104900000	218
105000000	214
105100000	268
105200000	234
105300000	248
105400000	216
105500000	232
105600000	200
105700000	219
105800000	234
105900000	238
106000000	226
106100000	263
106200000	252
106300000	254
106400000	244
106500000	266
106600000	239
106700000	272
106800000	245
106900000	221
107000000	237
107100000	263
107200000	227
107300000	213
107400000	233
107500000	208
107600000	209
107700000	230
107800000	236
107900000	232
108000000	214
108100000	218
108200000	235
108300000	195
108400000	237
108500000	228
108600000	230
108700000	211
108800000	226
108900000	242
109000000	222
109100000	225
109200000	230
109300000	231
109400000	225
109500000	233
109600000	252
109700000	211
109800000	213
109900000	241
110000000	234
110100000	215
110200000	229
110300000	224
110400000	228
110500000	222
110600000	231
110700000	225
110800000	236
110900000	228
111000000	226
111100000	223
111200000	219
111300000	242
111400000	225
111500000	250
111600000	218
111700000	228
111800000	223
111900000	251
112000000	222
112100000	255
112200000	244
112300000	213
112400000	207
112500000	207
112600000	215
112700000	197
112800000	211
112900000	220
113000000	229
113100000	193
113200000	220
113300000	217
113400000	200
113500000	214
113600000	203
113700000	195
113800000	199
113900000	249
114000000	228
114100000	220
114200000	207
114300000	199
114400000	210
114500000	200
114600000	213
114700000	223
114800000	188
114900000	224
115000000	228
115100000	213
115200000	195
115300000	214
115400000	181
115500000	211
115600000	208
115700000	221
115800000	206
115900000	245
116000000	205
116100000	228
116200000	215
116300000	204
116400000	227
116500000	224
116600000	201
116700000	217
116800000	238
116900000	219
117000000	190
117100000	197
117200000	215
117300000	206
117400000	209
117500000	168
117600000	201
117700000	203
117800000	207
117900000	219
118000000	217
118100000	192
118200000	191
118300000	200
118400000	203
118500000	204
118600000	204
118700000	196
118800000	204
118900000	206
119000000	205
119100000	220
119200000	203
119300000	186
119400000	187
119500000	207
119600000	209
119700000	187
119800000	194
119900000	178
120000000	179
120100000	175
120200000	187
120300000	196
120400000	209
120500000	209
120600000	199
120700000	163
120800000	189
120900000	177
121000000	202
121100000	228
121200000	212
121300000	196
121400000	207
121500000	200
121600000	193
121700000	187
121800000	201
121900000	202
122000000	181
122100000	189
122200000	205
122300000	159
122400000	215
122500000	186
122600000	216
122700000	199
122800000	204
122900000	204
123000000	216
123100000	197
123200000	196
123300000	205
123400000	181
123500000	198
123600000	196
123700000	152
123800000	186
123900000	174
124000000	191
124100000	186
124200000	194
124300000	215
124400000	169
124500000	191
124600000	185
124700000	187
124800000	203
124900000	193
125000000	180
125100000	206
125200000	189
125300000	160
125400000	168
125500000	170
125600000	177
125700000	187
125800000	192
125900000	180
126000000	192
126100000	191
126200000	188
126300000	182
126400000	170
126500000	180
126600000	185
126700000	188
126800000	219
126900000	191
127000000	186
127100000	193
127200000	175
127300000	177
127400000	199
127500000	189
127600000	174
127700000	174
127800000	202
127900000	174
128000000	165
128100000	195
128200000	171
128300000	181
128400000	183
128500000	192
128600000	198
128700000	195
128800000	169
128900000	176
129000000	189
129100000	178
129200000	167
129300000	189
129400000	181
129500000	169
129600000	172
129700000	170
129800000	161
129900000	200
130000000	160
130100000	175
130200000	163
130300000	186
130400000	181
130500000	154
130600000	178
130700000	176
130800000	178
130900000	184
131000000	153
131100000	169
131200000	181
131300000	160
131400000	159
131500000	194
131600000	168
131700000	199
131800000	168
131900000	179
132000000	183
132100000	191
132200000	166
132300000	185
132400000	175
132500000	190
132600000	203
132700000	175
132800000	192
132900000	172
133000000	160
133100000	156
133200000	173
133300000	178
133400000	187
133500000	186
133600000	192
133700000	176
133800000	174
133900000	169
134000000	179
134100000	171
134200000	182
134300000	175
134400000	173
134500000	184
134600000	193
134700000	169
134800000	153
134900000	171
135000000	170
135100000	156
135200000	178
135300000	158
135400000	195
135500000	201
135600000	175
135700000	167
135800000	149
135900000	173
136000000	154
136100000	174
136200000	157
136300000	164
136400000	186
136500000	168
136600000	146
136700000	163
136800000	163
136900000	155
137000000	152
137100000	182
137200000	161
137300000	165
137400000	164
137500000	174
137600000	142
137700000	184
137800000	163
137900000	186
138000000	157
138100000	175
138200000	159
138300000	164
138400000	160
138500000	172
138600000	148
138700000	177
138800000	169
138900000	170
139000000	152
139100000	165
139200000	180
139300000	164
139400000	152
139500000	159
139600000	141
139700000	149
139800000	166
139900000	157
140000000	168
140100000	136
140200000	171
140300000	156
140400000	145
140500000	146
140600000	147
140700000	154
140800000	158
140900000	206
141000000	147
141100000	173
141200000	163
141300000	158
141400000	150
141500000	152
141600000	151
141700000	157
141800000	133
141900000	150
142000000	170
142100000	172
142200000	150
142300000	171
142400000	149
142500000	155
142600000	160
142700000	143
142800000	155
142900000	143
143000000	156
143100000	157
143200000	148
143300000	153
143400000	146
143500000	142
143600000	172
143700000	161
143800000	153
143900000	158
144000000	156
144100000	172
144200000	139
144300000	136
144400000	146
144500000	165
144600000	141
144700000	147
144800000	159
144900000	141
145000000	141
145100000	144
145200000	128
145300000	155
145400000	141
145500000	150
145600000	139
145700000	167
145800000	158
145900000	141
146000000	162
146100000	172
146200000	134
146300000	138
146400000	154
146500000	131
146600000	136
146700000	145
146800000	142
146900000	156
147000000	131
147100000	133
147200000	154
147300000	154
147400000	150
147500000	145
147600000	139
147700000	136
147800000	125
147900000	150
148000000	151
148100000	147
148200000	147
148300000	129
148400000	144
148500000	142
148600000	143
148700000	161
148800000	150
148900000	132
149000000	160
149100000	145
149200000	130
149300000	141
149400000	148
149500000	135
149600000	151
149700000	132
149800000	129
149900000	143
150000000	151
150100000	167
150200000	142
150300000	146
150400000	141
150500000	150
150600000	141
150700000	162
150800000	136
150900000	167
151000000	155
151100000	170
151200000	133
151300000	110
151400000	140
151500000	133
151600000	135
151700000	141
151800000	143
151900000	138
152000000	132
152100000	145
152200000	141
152300000	152
152400000	155
152500000	118
152600000	137
152700000	149
152800000	142
152900000	149
153000000	155
153100000	143
153200000	132
153300000	150
153400000	136
153500000	135
153600000	143
153700000	138
153800000	132
153900000	134
154000000	147
154100000	159
154200000	142
154300000	118
154400000	142
154500000	147
154600000	154
154700000	126
154800000	141
154900000	139
155000000	131
155100000	138
155200000	111
155300000	137
155400000	123
155500000	143
155600000	139
155700000	114
155800000	137
155900000	138
156000000	138
156100000	111
156200000	139
156300000	164
156400000	135
156500000	150
156600000	136
156700000	133
156800000	124
156900000	125
157000000	111
157100000	132
157200000	165
157300000	135
157400000	127
157500000	143
157600000	139
157700000	131
157800000	100
157900000	142
158000000	127
158100000	129
158200000	127
158300000	142
158400000	125
158500000	148
158600000	114
158700000	119
158800000	121
158900000	113
159000000	149
159100000	156
159200000	131
159300000	137
159400000	126
159500000	111
159600000	128
159700000	117
159800000	133
159900000	116
160000000	145
160100000	119
160200000	136
160300000	144
160400000	125
160500000	131
160600000	123
160700000	124
160800000	111
160900000	151
161000000	152
161100000	142
161200000	112
161300000	128
161400000	135
161500000	120
161600000	124
161700000	113
161800000	130
161900000	106
162000000	130
162100000	138
162200000	121
162300000	130
162400000	130
162500000	139
162600000	112
162700000	142
162800000	137
162900000	122
163000000	123
163100000	115
163200000	128
163300000	137
163400000	114
163500000	124
163600000	117
163700000	121
163800000	113
163900000	119
164000000	141
164100000	126
164200000	128
164300000	111
164400000	122
164500000	145
164600000	144
164700000	115
164800000	103
164900000	115
165000000	122
165100000	119
165200000	132
165300000	112
165400000	121
165500000	121
165600000	146
165700000	127
165800000	127
165900000	113
166000000	140
166100000	117
166200000	126
166300000	93
166400000	101
166500000	120
166600000	120
166700000	108
166800000	108
166900000	130
167000000	140
167100000	117
167200000	119
167300000	106
167400000	118
167500000	120
167600000	124
167700000	102
167800000	119
167900000	115
168000000	130
168100000	133
168200000	98
168300000	101
168400000	114
168500000	97
168600000	132
168700000	108
168800000	120
168900000	120
169000000	150
169100000	122
169200000	112
169300000	113
169400000	105
169500000	123
169600000	112
169700000	102
169800000	114
169900000	84
170000000	112
170100000	114
170200000	113
170300000	115
170400000	113
170500000	106
170600000	117
170700000	120
170800000	114
170900000	101
171000000	134
171100000	111
171200000	111
171300000	107
171400000	110
171500000	112
171600000	121
171700000	141
171800000	114
171900000	134
172000000	121
172100000	122
172200000	109
172300000	100
172400000	120
172500000	107
172600000	130
172700000	89
172800000	101
172900000	105
173000000	128
173100000	98
173200000	109
173300000	106
173400000	135
173500000	113
173600000	128
173700000	115
173800000	106
173900000	122
174000000	106
174100000	134
174200000	106
174300000	105
174400000	134
174500000	123
174600000	121
174700000	120
174800000	110
174900000	114
175000000	112
175100000	97
175200000	105
175300000	102
175400000	101
175500000	105
175600000	114
175700000	95
175800000	85
175900000	112
176000000	106
176100000	121
176200000	104
176300000	120
176400000	94
176500000	113
176600000	102
176700000	115
176800000	126
176900000	99
177000000	119
177100000	91
177200000	131
177300000	100
177400000	123
177500000	114
177600000	104
177700000	103
177800000	99
177900000	100
178000000	97
178100000	110
178200000	103
178300000	100
178400000	104
178500000	104
178600000	89
178700000	110
178800000	119
178900000	113
179000000	104
179100000	98
179200000	91
179300000	111
179400000	119
179500000	108
179600000	89
179700000	113
179800000	110
179900000	100
180000000	107
180100000	100
180200000	102
180300000	94
180400000	85
180500000	116
180600000	98
180700000	107
180800000	129
180900000	89
181000000	104
181100000	104
181200000	101
181300000	111
181400000	94
181500000	86
181600000	101
181700000	96
181800000	98
181900000	102
182000000	79
182100000	91
182200000	102
182300000	93
182400000	100
182500000	110
182600000	100
182700000	94
182800000	106
182900000	77
183000000	90
183100000	100
183200000	98
183300000	92
183400000	96
183500000	95
183600000	97
183700000	119
183800000	97
183900000	103
184000000	109
184100000	99
184200000	108
184300000	88
184400000	101
184500000	97
184600000	121
184700000	80
184800000	96
184900000	106
185000000	99
185100000	108
185200000	93
185300000	95
185400000	108
185500000	87
185600000	99
185700000	98
185800000	111
185900000	84
186000000	98
186100000	98
186200000	111
186300000	90
186400000	79
186500000	117
186600000	99
186700000	99
186800000	86
186900000	94
187000000	107
187100000	103
187200000	122
187300000	96
187400000	114
187500000	73
187600000	110
187700000	85
187800000	118
187900000	84
188000000	107
188100000	81
188200000	89
188300000	99
188400000	82
188500000	90
188600000	90
188700000	96
188800000	87
188900000	105
189000000	93
189100000	109
189200000	87
189300000	97
189400000	112
189500000	100
189600000	112
189700000	93
189800000	124
189900000	106
190000000	87
190100000	97
190200000	80
190300000	92
190400000	77
190500000	103
190600000	101
190700000	90
190800000	94
190900000	95
191000000	88
191100000	89
191200000	109
191300000	99
191400000	76
191500000	80
191600000	93
191700000	94
191800000	95
191900000	77
192000000	88
192100000	102
192200000	102
192300000	89
192400000	81
192500000	89
192600000	90
192700000	99
192800000	98
192900000	94
193000000	87
193100000	91
193200000	92
193300000	87
193400000	101
193500000	79
193600000	92
193700000	91
193800000	85
193900000	71
194000000	104
194100000	97
194200000	90
194300000	109
194400000	95
194500000	80
194600000	99
194700000	83
194800000	85
194900000	92
195000000	96
195100000	93
195200000	94
195300000	88
195400000	83
195500000	83
195600000	114
195700000	93
195800000	93
195900000	77
196000000	91
196100000	73
196200000	72
196300000	77
196400000	87
196500000	89
196600000	105
196700000	85
196800000	98
196900000	90
197000000	94
197100000	85
197200000	87
197300000	82
197400000	96
197500000	97
197600000	82
197700000	70
197800000	87
197900000	101
198000000	93
198100000	102
198200000	83
198300000	83
198400000	86
198500000	72
198600000	80
198700000	108
198800000	92
198900000	88
199000000	80
199100000	98
199200000	96
199300000	81
199400000	85
199500000	96
199600000	85
199700000	83
199800000	83
199900000	79
