"Time (ps)"	"Counts per bin"
0	1680
100000	1616
200000	1666
300000	1721
400000	1712
500000	1821
600000	1707
700000	1691
800000	1752
900000	1705
1000000	1755
1100000	1681
1200000	1741
1300000	1663
1400000	1704
1500000	1740
1600000	1648
1700000	1754
1800000	1772
1900000	1679
2000000	1683
2100000	1740
2200000	1703
2300000	1648
2400000	1674
2500000	1647
2600000	1665
2700000	1751
2800000	1711
2900000	1706
3000000	1662
3100000	1654
3200000	1661
3300000	1655
3400000	1587
3500000	1653
3600000	1647
3700000	1626
3800000	1595
3900000	1696
4000000	1644
4100000	1614
4200000	1641
4300000	1630
4400000	1590
4500000	1636
4600000	1657
4700000	1646
4800000	1623
4900000	1612
5000000	1589
5100000	1525
5200000	1615
5300000	1611
5400000	1591
5500000	1644
5600000	1602
5700000	1594
5800000	1564
5900000	1543
6000000	1612
6100000	1556
6200000	1462
6300000	1519
6400000	1510
6500000	1566
6600000	1528
6700000	1517
6800000	1479
6900000	1499
7000000	1505
7100000	1521
7200000	1452
7300000	1522
7400000	1461
7500000	1509
7600000	1493
7700000	1508
7800000	1532
7900000	1514
8000000	1493
8100000	1419
8200000	1495
8300000	1530
8400000	1423
8500000	1403
8600000	1452
8700000	1438
8800000	1416
8900000	1429
9000000	1417
9100000	1377
9200000	1397
9300000	1349
9400000	1428
9500000	1409
9600000	1359
9700000	1417
9800000	1376
9900000	1357
10000000	1346
10100000	1343
10200000	1359
10300000	1355
10400000	1387
10500000	1317
10600000	1406
10700000	1430
10800000	1368
10900000	1368
11000000	1327
11100000	1306
11200000	1340
11300000	1305
11400000	1353
11500000	1238
11600000	1345
11700000	1290
11800000	1301
11900000	1337
12000000	1341
12100000	1332
12200000	1246
12300000	1256
12400000	1285
12500000	1277
12600000	1304
12700000	1215
12800000	1188
12900000	1269
13000000	1296
13100000	1305
13200000	1269
13300000	1216
13400000	1276
13500000	1217
13600000	1256
13700000	1250
13800000	1304
13900000	1245
14000000	1214
14100000	1238
14200000	1261
14300000	1276
14400000	1185
14500000	1193
14600000	1241
14700000	1196
14800000	1170
14900000	1153
15000000	1198
15100000	1222
15200000	1167
15300000	1154
15400000	1154
15500000	1183
15600000	1136
15700000	1234
15800000	1158
15900000	1147
16000000	1194
16100000	1146
16200000	1189
16300000	1159
16400000	1104
16500000	1176
16600000	1123
16700000	1204
16800000	1074
16900000	1114
17000000	1180
17100000	1131
17200000	1111
17300000	1167
17400000	1068
17500000	1131
17600000	1119
17700000	1103
17800000	1127
17900000	1082
18000000	1068
18100000	1130
18200000	1071
18300000	1042
18400000	1111
18500000	1062
18600000	1029
18700000	1032
18800000	1065
18900000	1053
19000000	1046
19100000	994
19200000	1028
19300000	1077
19400000	1034
19500000	1090
19600000	1011
19700000	1001
19800000	1019
19900000	1011
20000000	991
20100000	991
20200000	1085
20300000	1015
20400000	1066
20500000	1049
20600000	993
20700000	966
20800000	996
20900000	997
21000000	966
21100000	960
21200000	973
21300000	1000
21400000	940
21500000	983
21600000	1018
21700000	1008
21800000	926
21900000	998
22000000	998
22100000	915
22200000	978
22300000	939
22400000	937
22500000	963
22600000	946
22700000	997
22800000	958
22900000	873
23000000	998
23100000	975
23200000	973
23300000	922
23400000	963
23500000	956
23600000	909
23700000	907
23800000	933
23900000	884
24000000	902
24100000	838
24200000	878
24300000	927
24400000	880
24500000	924
24600000	870
24700000	849
24800000	887
24900000	874
25000000	910
25100000	892
25200000	858
25300000	862
25400000	834
25500000	921
25600000	881
25700000	831
25800000	868
25900000	880
26000000	834
26100000	803
26200000	852
26300000	853
26400000	877
26500000	790
26600000	859
26700000	815
26800000	854
26900000	839
27000000	835
27100000	824
27200000	884
27300000	817
27400000	823
27500000	826
27600000	794
27700000	827
27800000	840
27900000	875
28000000	837
28100000	800
28200000	762
28300000	789
28400000	794
28500000	784
28600000	801
28700000	819
28800000	830
28900000	848
29000000	800
29100000	824
29200000	780
29300000	780
29400000	807
29500000	763
29600000	756
29700000	776
29800000	763
29900000	748
30000000	792
30100000	751
30200000	777
30300000	728
30400000	748
30500000	755
30600000	779
30700000	772
30800000	817
30900000	727
31000000	773
31100000	790
31200000	782
31300000	728
31400000	748
31500000	761
31600000	708
31700000	721
31800000	738
31900000	715
32000000	767
32100000	725
32200000	736
32300000	722
32400000	705
32500000	785
32600000	738
32700000	717
32800000	700
32900000	741
33000000	637
33100000	683
33200000	737
33300000	684
33400000	709
33500000	749
33600000	715
33700000	703
33800000	693
33900000	719
34000000	693
34100000	668
34200000	699
34300000	707
34400000	685
34500000	665
34600000	705
34700000	682
34800000	687
34900000	688
35000000	675
35100000	669
35200000	655
35300000	698
35400000	663
35500000	688
35600000	674
35700000	645
35800000	662
35900000	628
36000000	676
36100000	676
36200000	655
36300000	655
36400000	683
36500000	670
36600000	623
36700000	662
36800000	659
36900000	694
37000000	695
37100000	666
37200000	661
37300000	669
37400000	594
37500000	630
37600000	652
37700000	612
37800000	633
37900000	622
38000000	632
38100000	650
38200000	643
38300000	649
38400000	624
38500000	586
38600000	600
38700000	628
38800000	587
38900000	598
39000000	583
39100000	608
39200000	579
39300000	589
39400000	583
39500000	644
39600000	620
39700000	577
39800000	621
39900000	605
40000000	592
40100000	604
40200000	620
40300000	599
40400000	605
40500000	592
40600000	602
40700000	602
40800000	573
40900000	605
41000000	596
41100000	604
41200000	540
41300000	559
41400000	543
41500000	585
41600000	596
41700000	531
41800000	585
41900000	591
42000000	569
42100000	611
42200000	514
42300000	551
42400000	546
42500000	564
42600000	549
42700000	558
42800000	589
42900000	553
43000000	532
43100000	567
43200000	577
43300000	559
43400000	543
43500000	489
43600000	576
43700000	566
43800000	572
43900000	558
44000000	565
44100000	517
44200000	586
44300000	542
44400000	566
44500000	547
44600000	544
44700000	534
44800000	563
44900000	542
45000000	526
45100000	549
45200000	516
45300000	519
45400000	486
45500000	528
45600000	527
45700000	538
45800000	511
45900000	506
46000000	529
46100000	511
46200000	527
46300000	521
46400000	516
46500000	490
46600000	492
46700000	493
46800000	508
46900000	527
47000000	519
47100000	532
47200000	496
47300000	513
47400000	483
47500000	490
47600000	530
47700000	506
47800000	507
47900000	486
48000000	501
48100000	554
48200000	504
48300000	497
48400000	486
48500000	496
48600000	479
48700000	476
48800000	494
48900000	428
49000000	434
49100000	519
49200000	499
49300000	499
49400000	507
49500000	451
49600000	466
49700000	478
49800000	502
49900000	449
50000000	496
50100000	498
50200000	471
50300000	517
50400000	507
50500000	465
50600000	493
50700000	462
50800000	427
50900000	474
51000000	492
51100000	439
51200000	441
51300000	488
51400000	447
51500000	504
51600000	467
51700000	471
51800000	436
51900000	497
52000000	432
52100000	421
52200000	465
52300000	489
52400000	457
52500000	462
52600000	454
52700000	434
52800000	462
52900000	442
53000000	464
53100000	445
53200000	421
53300000	435
53400000	465
53500000	458
53600000	401
53700000	405
53800000	451
53900000	407
54000000	421
54100000	429
54200000	432
54300000	413
54400000	453
54500000	446
54600000	471
54700000	397
54800000	400
54900000	400
55000000	423
55100000	459
55200000	440
55300000	429
55400000	418
55500000	402
55600000	416
55700000	419
55800000	427
55900000	405
56000000	428
56100000	403
56200000	402
56300000	420
56400000	444
56500000	426
56600000	439
56700000	433
56800000	421
56900000	410
57000000	382
57100000	431
57200000	374
57300000	392
57400000	445
57500000	416
57600000	400
57700000	394
57800000	398
57900000	374
58000000	377
58100000	419
58200000	408
58300000	405
58400000	367
58500000	382
58600000	402
58700000	406
58800000	396
58900000	405
59000000	391
59100000	384
59200000	404
59300000	383
59400000	393
59500000	378
59600000	378
59700000	353
59800000	358
59900000	387
60000000	365
60100000	369
60200000	338
60300000	367
60400000	364
60500000	379
60600000	377
60700000	340
60800000	349
60900000	365
61000000	364
61100000	359
61200000	359
61300000	366
61400000	358
61500000	370
61600000	342
61700000	383
61800000	392
61900000	377
62000000	364
62100000	406
62200000	400
62300000	394
62400000	373
62500000	366
62600000	337
62700000	373
62800000	359
62900000	355
63000000	357
63100000	333
63200000	344
63300000	326
63400000	381
63500000	311
63600000	346
63700000	362
63800000	362
63900000	355
64000000	350
64100000	368
64200000	372
64300000	357
64400000	365
64500000	366
64600000	350
64700000	334
64800000	334
64900000	348
65000000	372
65100000	332
65200000	341
65300000	352
65400000	343
65500000	339
65600000	328
65700000	333
65800000	332
65900000	325
66000000	342
66100000	346
66200000	319
66300000	362
66400000	356
66500000	315
66600000	317
66700000	316
66800000	361
66900000	334
67000000	321
67100000	336
67200000	316
67300000	326
67400000	317
67500000	337
67600000	332
67700000	317
67800000	321
67900000	317
68000000	319
68100000	315
68200000	282
68300000	324
68400000	302
68500000	358
68600000	326
68700000	324
68800000	318
68900000	329
69000000	293
69100000	343
69200000	325
69300000	309
69400000	330
69500000	334
69600000	341
69700000	300
69800000	315
69900000	285
70000000	302
70100000	344
70200000	282
70300000	351
70400000	313
70500000	299
70600000	326
70700000	300
70800000	291
70900000	336
71000000	307
71100000	287
71200000	307
71300000	286
71400000	301
71500000	293
71600000	309
71700000	251
71800000	325
71900000	280
72000000	289
72100000	333
72200000	270
72300000	316
72400000	333
72500000	320
72600000	297
72700000	286
72800000	311
72900000	320
73000000	339
73100000	289
73200000	286
73300000	293
73400000	298
73500000	298
73600000	308
73700000	278
73800000	304
73900000	286
74000000	257
74100000	280
74200000	313
74300000	303
74400000	293
74500000	277
74600000	270
74700000	293
74800000	312
74900000	287
75000000	274
75100000	284
75200000	285
75300000	253
75400000	318
75500000	266
75600000	299
75700000	292
75800000	268
75900000	274
76000000	290
76100000	279
76200000	303
76300000	279
76400000	267
76500000	280
76600000	282
76700000	277
76800000	276
76900000	273
77000000	284
77100000	251
77200000	271
77300000	266
77400000	259
77500000	281
77600000	268
77700000	279
77800000	276
77900000	311
78000000	272
78100000	270
78200000	243
78300000	279
78400000	280
78500000	268
78600000	273
78700000	284
78800000	272
78900000	269
79000000	266
79100000	266
79200000	273
79300000	284
79400000	292
79500000	246
79600000	250
79700000	253
79800000	262
79900000	258
80000000	244
80100000	279
80200000	248
80300000	254
80400000	268
80500000	277
80600000	271
80700000	248
80800000	290
80900000	265
81000000	249
81100000	251
81200000	267
81300000	242
81400000	252
81500000	258
81600000	231
81700000	242
81800000	232
81900000	216
82000000	261
82100000	277
82200000	261
82300000	241
82400000	247
82500000	233
82600000	250
82700000	221
82800000	256
82900000	238
83000000	235
83100000	241
83200000	265
83300000	245
83400000	226
83500000	223
83600000	237
83700000	239
83800000	246
83900000	253
84000000	278
84100000	242
84200000	223
84300000	251
84400000	220
84500000	252
84600000	247
84700000	233
84800000	225
84900000	251
85000000	223
85100000	252
85200000	253
85300000	248
85400000	241
85500000	241
85600000	202
85700000	240
85800000	260
85900000	253
86000000	218
86100000	242
86200000	207
86300000	244
86400000	247
86500000	243
86600000	251
86700000	223
86800000	251
86900000	228
87000000	213
87100000	251
87200000	236
87300000	210
87400000	212
87500000	231
87600000	228
87700000	210
87800000	205
87900000	229
88000000	240
88100000	209
88200000	210
88300000	217
88400000	243
88500000	211
88600000	228
88700000	200
88800000	241
88900000	225
89000000	218
89100000	244
89200000	223
89300000	254
89400000	241
89500000	220
89600000	216
89700000	230
89800000	233
89900000	217
90000000	219
90100000	233
90200000	255
90300000	224
90400000	203
90500000	211
90600000	224
90700000	202
90800000	202
90900000	219
91000000	224
91100000	220
91200000	201
91300000	211
91400000	218
91500000	223
91600000	203
91700000	250
91800000	204
91900000	203
92000000	200
92100000	197
92200000	217
92300000	217
92400000	198
92500000	218
92600000	214
92700000	194
92800000	216
92900000	219
93000000	210
93100000	202
93200000	214
93300000	204
93400000	230
93500000	219
93600000	213
93700000	205
93800000	215
93900000	184
94000000	202
94100000	183
94200000	217
94300000	174
94400000	215
94500000	201
94600000	199
94700000	203
94800000	212
94900000	198
95000000	192
95100000	175
95200000	188
95300000	220
95400000	198
95500000	221
95600000	206
95700000	213
95800000	197
95900000	185
96000000	208
96100000	179
96200000	212
96300000	167
96400000	224
96500000	209
96600000	201
96700000	178
96800000	178
96900000	194
97000000	228
97100000	209
97200000	201
97300000	213
97400000	209
97500000	191
97600000	220
97700000	198
97800000	205
97900000	180
98000000	191
98100000	199
98200000	197
98300000	199
98400000	166
98500000	206
98600000	196
98700000	182
98800000	181
98900000	178
99000000	208
99100000	200
99200000	189
99300000	170
99400000	155
99500000	182
99600000	196
99700000	172
99800000	193
99900000	174
100000000	186
100100000	192
100200000	160
100300000	197
100400000	185
100500000	185
100600000	195
100700000	178
100800000	194
100900000	176
101000000	169
101100000	217
101200000	179
101300000	205
101400000	201
101500000	167
101600000	183
101700000	174
101800000	187
101900000	181
102000000	191
102100000	183
102200000	208
102300000	197
102400000	198
102500000	182
102600000	200
102700000	142
102800000	188
102900000	199
103000000	183
103100000	150
103200000	188
103300000	182
103400000	179
103500000	163
103600000	188
103700000	194
103800000	149
103900000	197
104000000	152
104100000	176
104200000	191
104300000	194
104400000	204
104500000	181
104600000	180
104700000	158
104800000	177
104900000	186
105000000	186
105100000	191
105200000	200
105300000	170
105400000	186
105500000	167
105600000	188
105700000	169
105800000	172
105900000	172
106000000	168
106100000	193
106200000	165
106300000	167
106400000	191
106500000	182
106600000	161
106700000	163
106800000	164
106900000	155
107000000	155
107100000	175
107200000	165
107300000	170
107400000	163
107500000	152
107600000	162
107700000	170
107800000	161
107900000	159
108000000	163
108100000	165
108200000	181
108300000	175
108400000	161
108500000	167
108600000	171
108700000	156
108800000	153
108900000	148
109000000	162
109100000	138
109200000	156
109300000	177
109400000	150
109500000	160
109600000	174
109700000	166
109800000	166
109900000	139
110000000	161
110100000	156
110200000	148
110300000	174
110400000	179
110500000	149
110600000	160
110700000	159
110800000	152
110900000	174
111000000	176
111100000	138
111200000	164
111300000	173
111400000	158
111500000	162
111600000	159
111700000	163
111800000	164
111900000	180
112000000	165
112100000	146
112200000	139
112300000	158
112400000	164
112500000	168
112600000	142
112700000	156
112800000	144
112900000	158
113000000	139
113100000	165
113200000	137
113300000	164
113400000	151
113500000	157
113600000	161
113700000	145
113800000	132
113900000	141
114000000	163
114100000	154
114200000	162
114300000	146
114400000	143
114500000	135
114600000	140
114700000	162
114800000	152
114900000	130
115000000	147
115100000	173
115200000	141
115300000	141
115400000	131
115500000	143
115600000	145
115700000	142
115800000	136
115900000	139
116000000	146
116100000	150
116200000	144
116300000	163
116400000	171
116500000	163
116600000	137
116700000	148
116800000	153
116900000	153
117000000	150
117100000	150
117200000	137
117300000	129
117400000	140
117500000	146
117600000	149
117700000	138
117800000	175
117900000	124
118000000	160
118100000	157
118200000	137
118300000	140
118400000	156
118500000	152
118600000	139
118700000	150
118800000	145
118900000	144
119000000	140
119100000	123
119200000	142
119300000	147
119400000	122
119500000	138
119600000	132
119700000	139
119800000	128
119900000	137
120000000	127
120100000	110
120200000	140
120300000	137
120400000	125
120500000	142
120600000	149
120700000	124
120800000	156
120900000	119
121000000	143
121100000	116
121200000	132
121300000	138
121400000	134
121500000	141
121600000	138
121700000	137
121800000	155
121900000	154
122000000	116
122100000	132
122200000	167
122300000	136
122400000	151
122500000	148
122600000	139
122700000	141
122800000	128
122900000	123
123000000	130
123100000	168
123200000	123
123300000	127
123400000	124
123500000	152
123600000	130
123700000	127
123800000	141
123900000	128
124000000	135
124100000	124
124200000	130
124300000	131
124400000	139
124500000	154
124600000	122
124700000	148
124800000	111
124900000	141
125000000	114
125100000	126
125200000	143
125300000	123
125400000	117
125500000	150
125600000	125
125700000	121
125800000	125
125900000	135
126000000	123
126100000	120
126200000	128
126300000	129
126400000	142
126500000	130
126600000	120
126700000	114
126800000	141
126900000	111
127000000	112
127100000	108
127200000	119
127300000	122
127400000	143
127500000	123
127600000	134
127700000	129
127800000	119
127900000	145
128000000	147
128100000	143
128200000	145
128300000	135
128400000	121
128500000	120
128600000	133
128700000	125
128800000	142
128900000	121
129000000	101
129100000	117
129200000	133
129300000	125
129400000	111
129500000	138
129600000	130
129700000	127
129800000	117
129900000	117
130000000	113
130100000	103
130200000	140
130300000	118
130400000	117
130500000	118
130600000	141
130700000	117
130800000	136
130900000	107
131000000	130
131100000	121
131200000	118
131300000	109
131400000	126
131500000	115
131600000	94
131700000	116
131800000	118
131900000	127
132000000	111
132100000	122
132200000	104
132300000	120
132400000	110
132500000	135
132600000	119
132700000	122
132800000	97
132900000	141
133000000	113
133100000	99
133200000	122
133300000	123
133400000	132
133500000	128
133600000	111
133700000	122
133800000	116
133900000	124
134000000	88
134100000	109
134200000	143
134300000	130
134400000	123
134500000	110
134600000	114
134700000	123
134800000	108
134900000	127
135000000	122
135100000	112
135200000	116
135300000	105
135400000	112
135500000	113
135600000	140
135700000	104
135800000	121
135900000	136
136000000	109
136100000	110
136200000	117
136300000	135
136400000	118
136500000	121
136600000	112
136700000	119
136800000	105
136900000	106
137000000	122
137100000	100
137200000	105
137300000	99
137400000	101
137500000	104
137600000	99
137700000	117
137800000	108
137900000	97
138000000	109
138100000	105
138200000	112
138300000	125
138400000	113
138500000	108
138600000	111
138700000	111
138800000	96
138900000	100
139000000	112
139100000	122
139200000	94
139300000	134
139400000	120
139500000	112
139600000	107
139700000	101
139800000	95
139900000	103
140000000	106
140100000	96
140200000	117
140300000	122
140400000	110
140500000	105
140600000	86
140700000	106
140800000	100
140900000	113
141000000	112
141100000	108
141200000	101
141300000	126
141400000	88
141500000	128
141600000	101
141700000	96
141800000	85
141900000	95
142000000	89
142100000	119
142200000	101
142300000	103
142400000	116
142500000	92
142600000	102
142700000	97
142800000	120
142900000	92
143000000	99
143100000	96
143200000	106
143300000	95
143400000	88
143500000	102
143600000	101
143700000	96
143800000	115
143900000	87
144000000	91
144100000	97
144200000	94
144300000	85
144400000	118
144500000	102
144600000	102
144700000	97
144800000	93
144900000	110
145000000	77
145100000	102
145200000	103
145300000	100
145400000	96
145500000	109
145600000	95
145700000	101
145800000	100
145900000	132
146000000	115
146100000	104
146200000	79
146300000	102
146400000	115
146500000	104
146600000	104
146700000	89
146800000	80
146900000	93
147000000	107
147100000	100
147200000	85
147300000	79
147400000	98
147500000	89
147600000	91
147700000	83
147800000	103
147900000	78
148000000	106
148100000	104
148200000	98
148300000	92
148400000	86
148500000	100
148600000	98
148700000	98
148800000	97
148900000	107
149000000	86
149100000	97
149200000	68
149300000	99
149400000	106
149500000	92
149600000	104
149700000	83
149800000	78
149900000	86
150000000	100
150100000	79
150200000	103
150300000	93
150400000	85
150500000	86
150600000	91
150700000	101
150800000	82
150900000	95
151000000	116
151100000	84
151200000	80
151300000	83
151400000	89
151500000	95
151600000	101
151700000	107
151800000	95
151900000	93
152000000	102
152100000	88
152200000	104
152300000	77
152400000	95
152500000	83
152600000	96
152700000	88
152800000	104
152900000	105
153000000	85
153100000	100
153200000	100
153300000	89
153400000	110
153500000	100
153600000	85
153700000	89
153800000	85
153900000	91
154000000	114
154100000	92
154200000	70
154300000	85
154400000	72
154500000	89
154600000	77
154700000	92
154800000	81
154900000	84
155000000	89
155100000	94
155200000	79
155300000	97
155400000	100
155500000	79
155600000	82
155700000	77
155800000	86
155900000	97
156000000	89
156100000	107
156200000	95
156300000	82
156400000	86
156500000	82
156600000	69
156700000	81
156800000	89
156900000	87
157000000	82
157100000	74
157200000	77
157300000	76
157400000	79
157500000	77
157600000	89
157700000	91
157800000	97
157900000	90
158000000	79
158100000	79
158200000	84
158300000	90
158400000	99
158500000	67
158600000	75
158700000	101
158800000	87
158900000	71
159000000	76
159100000	91
159200000	72
159300000	85
159400000	80
159500000	87
159600000	88
159700000	80
159800000	89
159900000	82
160000000	72
160100000	82
160200000	69
160300000	73
160400000	71
160500000	88
160600000	82
160700000	73
160800000	98
160900000	90
161000000	77
161100000	79
161200000	69
161300000	112
161400000	97
161500000	61
161600000	91
161700000	88
161800000	80
161900000	88
162000000	76
162100000	93
162200000	93
162300000	92
162400000	102
162500000	67
162600000	78
162700000	81
162800000	76
162900000	88
163000000	94
163100000	98
163200000	73
163300000	86
163400000	81
163500000	89
163600000	61
163700000	90
163800000	83
163900000	91
164000000	62
164100000	75
164200000	64
164300000	79
164400000	88
164500000	79
164600000	85
164700000	84
164800000	77
164900000	81
165000000	69
165100000	85
165200000	84
165300000	71
165400000	88
165500000	76
165600000	76
165700000	76
165800000	80
165900000	96
166000000	74
166100000	74
166200000	89
166300000	91
166400000	89
166500000	71
166600000	75
166700000	74
166800000	95
166900000	81
167000000	98
167100000	74
167200000	89
167300000	77
167400000	80
167500000	80
167600000	87
167700000	61
167800000	67
167900000	82
168000000	59
168100000	79
168200000	68
168300000	86
168400000	81
168500000	77
168600000	65
168700000	73
168800000	69
168900000	65
169000000	74
169100000	73
169200000	77
169300000	72
169400000	61
169500000	81
169600000	74
169700000	81
169800000	82
169900000	75
170000000	74
170100000	83
170200000	74
170300000	69
170400000	56
170500000	66
170600000	81
170700000	86
170800000	81
170900000	76
171000000	80
171100000	80
171200000	75
171300000	66
171400000	85
171500000	74
171600000	74
171700000	80
171800000	86
171900000	70
172000000	83
172100000	72
172200000	70
172300000	67
172400000	86
172500000	65
172600000	59
172700000	59
172800000	74
172900000	87
173000000	71
173100000	62
173200000	62
173300000	65
173400000	83
173500000	56
173600000	80
173700000	71
173800000	83
173900000	76
174000000	72
174100000	61
174200000	62
174300000	70
174400000	92
174500000	83
174600000	76
174700000	57
174800000	75
174900000	81
175000000	86
175100000	74
175200000	67
175300000	60
175400000	66
175500000	72
175600000	58
175700000	64
175800000	57
175900000	52
176000000	53
176100000	72
176200000	68
176300000	66
176400000	71
176500000	61
176600000	77
176700000	50
176800000	64
176900000	73
177000000	81
177100000	70
177200000	73
177300000	64
177400000	60
177500000	67
177600000	65
177700000	66
177800000	58
177900000	63
178000000	70
178100000	73
178200000	70
178300000	76
178400000	64
178500000	73
178600000	58
178700000	73
178800000	89
178900000	70
179000000	69
179100000	68
179200000	74
179300000	70
179400000	50
179500000	62
179600000	59
179700000	58
179800000	87
179900000	63
180000000	60
180100000	79
180200000	64
180300000	65
180400000	65
180500000	58
180600000	88
180700000	75
180800000	83
180900000	75
181000000	60
181100000	76
181200000	70
181300000	63
181400000	62
181500000	67
181600000	67
181700000	60
181800000	71
181900000	65
182000000	77
182100000	70
182200000	62
182300000	65
182400000	77
182500000	53
182600000	75
182700000	86
182800000	63
182900000	86
183000000	68
183100000	62
183200000	79
183300000	81
183400000	52
183500000	54
183600000	73
183700000	62
183800000	58
183900000	61
184000000	55
184100000	72
184200000	62
184300000	54
184400000	56
184500000	67
184600000	55
184700000	54
184800000	52
184900000	68
185000000	48
185100000	77
185200000	62
185300000	61
185400000	62
185500000	70
185600000	58
185700000	62
185800000	64
185900000	64
186000000	67
186100000	63
186200000	62
186300000	75
186400000	65
186500000	65
186600000	48
186700000	73
186800000	65
186900000	54
187000000	64
187100000	59
187200000	63
187300000	71
187400000	77
187500000	59
187600000	61
187700000	55
187800000	51
187900000	58
188000000	66
188100000	75
188200000	68
188300000	67
188400000	64
188500000	61
188600000	56
188700000	58
188800000	57
188900000	57
189000000	51
189100000	69
189200000	63
189300000	50
189400000	57
189500000	61
189600000	67
189700000	74
189800000	69
189900000	58
190000000	57
190100000	51
190200000	60
190300000	65
190400000	50
190500000	56
190600000	61
190700000	62
190800000	55
190900000	56
191000000	61
191100000	66
191200000	73
191300000	60
191400000	53
191500000	80
191600000	43
191700000	63
191800000	53
191900000	64
192000000	65
192100000	71
192200000	60
192300000	68
192400000	65
192500000	59
192600000	63
192700000	56
192800000	63
192900000	63
193000000	46
193100000	62
193200000	55
193300000	48
193400000	59
193500000	51
193600000	62
193700000	56
193800000	61
193900000	57
194000000	54
194100000	59
194200000	39
194300000	55
194400000	70
194500000	48
194600000	58
194700000	59
194800000	66
194900000	55
195000000	58
195100000	64
195200000	67
195300000	65
195400000	54
195500000	63
195600000	51
195700000	77
195800000	53
195900000	53
196000000	50
196100000	65
196200000	45
196300000	53
196400000	60
196500000	63
196600000	59
196700000	60
196800000	45
196900000	49
197000000	54
197100000	63
197200000	60
197300000	69
197400000	58
197500000	69
197600000	42
197700000	58
197800000	64
197900000	63
198000000	66
198100000	58
198200000	62
198300000	60
198400000	59
198500000	61
198600000	62
198700000	58
198800000	53
198900000	62
199000000	40
199100000	54
199200000	48
199300000	53
199400000	60
199500000	50
199600000	56
199700000	50
199800000	44
199900000	68
200000000	54
200100000	52
200200000	55
200300000	62
200400000	51
200500000	67
200600000	73
200700000	47
200800000	40
200900000	48
201000000	55
201100000	57
201200000	66
201300000	53
201400000	58
201500000	60
201600000	64
201700000	50
201800000	55
201900000	65
202000000	51
202100000	53
202200000	59
202300000	69
202400000	61
202500000	54
202600000	72
202700000	70
202800000	63
202900000	79
203000000	71
203100000	59
203200000	64
203300000	78
203400000	65
203500000	66
203600000	65
203700000	64
203800000	58
203900000	68
204000000	74
204100000	90
204200000	72
204300000	79
204400000	88
204500000	84
204600000	93
204700000	94
204800000	80
204900000	72
205000000	97
205100000	83
205200000	106
205300000	111
205400000	85
205500000	97
205600000	113
205700000	109
205800000	110
205900000	102
206000000	126
206100000	131
206200000	112
206300000	109
206400000	131
206500000	107
206600000	119
206700000	132
206800000	106
206900000	138
207000000	133
207100000	151
207200000	175
207300000	129
207400000	145
207500000	131
207600000	144
207700000	154
207800000	161
207900000	139
208000000	162
208100000	166
208200000	160
208300000	163
208400000	156
208500000	153
208600000	197
208700000	185
208800000	169
208900000	194
209000000	168
209100000	188
209200000	213
209300000	190
209400000	180
209500000	198
209600000	234
209700000	207
209800000	239
209900000	205
210000000	214
210100000	236
210200000	257
210300000	218
210400000	257
210500000	257
210600000	214
210700000	236
210800000	220
210900000	241
211000000	217
211100000	241
211200000	266
211300000	262
211400000	248
211500000	236
211600000	263
211700000	232
211800000	260
211900000	293
212000000	267
212100000	270
212200000	271
212300000	251
212400000	279
212500000	295
212600000	273
212700000	269
212800000	291
212900000	275
213000000	290
213100000	304
213200000	319
213300000	280
213400000	282
213500000	301
213600000	301
213700000	316
213800000	290
213900000	315
214000000	340
214100000	331
214200000	331
214300000	324
214400000	341
214500000	337
214600000	360
214700000	329
214800000	387
214900000	348
215000000	359
215100000	321
215200000	354
215300000	336
215400000	347
215500000	408
215600000	317
215700000	386
215800000	397
215900000	395
216000000	380
216100000	430
216200000	379
216300000	382
216400000	403
216500000	420
216600000	389
216700000	426
216800000	424
216900000	395
217000000	424
217100000	419
217200000	401
217300000	413
217400000	421
217500000	429
217600000	426
217700000	454
217800000	441
217900000	427
218000000	461
218100000	423
218200000	489
218300000	465
218400000	471
218500000	467
218600000	424
218700000	476
218800000	452
218900000	434
219000000	444
219100000	487
219200000	492
219300000	509
219400000	514
219500000	459
219600000	512
219700000	494
219800000	515
219900000	501
220000000	493
220100000	482
220200000	505
220300000	462
220400000	508
220500000	511
220600000	567
220700000	518
220800000	517
220900000	532
221000000	557
221100000	495
221200000	514
221300000	531
221400000	545
221500000	520
221600000	554
221700000	535
221800000	579
221900000	585
222000000	557
222100000	541
222200000	578
222300000	556
222400000	588
222500000	565
222600000	590
222700000	559
222800000	604
222900000	564
223000000	557
223100000	614
223200000	577
223300000	617
223400000	581
223500000	569
223600000	611
223700000	592
223800000	641
223900000	639
224000000	627
224100000	620
224200000	667
224300000	626
224400000	654
224500000	627
224600000	698
224700000	560
224800000	614
224900000	655
225000000	664
225100000	598
225200000	614
225300000	622
225400000	671
225500000	638
225600000	679
225700000	662
225800000	653
225900000	649
226000000	644
226100000	656
226200000	694
226300000	644
226400000	698
226500000	687
226600000	643
226700000	692
226800000	723
226900000	624
227000000	711
227100000	675
227200000	732
227300000	657
227400000	666
227500000	706
227600000	721
227700000	688
227800000	678
227900000	724
228000000	735
228100000	717
228200000	744
228300000	687
228400000	728
228500000	736
228600000	711
228700000	739
228800000	740
228900000	740
229000000	728
229100000	695
229200000	722
229300000	752
229400000	699
229500000	763
229600000	727
229700000	733
229800000	777
229900000	768
230000000	727
230100000	691
230200000	761
230300000	712
230400000	785
230500000	823
230600000	743
230700000	762
230800000	860
230900000	688
231000000	794
231100000	753
231200000	732
231300000	688
231400000	848
231500000	741
231600000	792
231700000	789
231800000	778
231900000	780
232000000	789
232100000	802
232200000	824
232300000	817
232400000	752
232500000	803
232600000	809
232700000	774
232800000	809
232900000	907
233000000	797
233100000	786
233200000	818
233300000	794
233400000	820
233500000	861
233600000	828
233700000	866
233800000	849
233900000	869
234000000	861
234100000	880
234200000	801
234300000	859
234400000	860
234500000	850
234600000	797
234700000	873
234800000	823
234900000	825
235000000	813
235100000	865
235200000	893
235300000	871
235400000	813
235500000	846
235600000	869
235700000	879
235800000	865
235900000	877
236000000	918
236100000	876
236200000	871
236300000	842
236400000	858
236500000	908
236600000	920
236700000	877
236800000	916
236900000	915
237000000	927
237100000	961
237200000	910
237300000	901
237400000	934
237500000	910
237600000	913
237700000	907
237800000	936
237900000	988
238000000	906
238100000	927
238200000	906
238300000	911
238400000	947
238500000	930
238600000	954
238700000	978
238800000	882
238900000	946
239000000	923
239100000	1018
239200000	942
239300000	948
239400000	931
239500000	909
239600000	939
239700000	913
239800000	932
239900000	947
240000000	944
240100000	964
240200000	982
240300000	944
240400000	962
240500000	1004
240600000	1006
240700000	946
240800000	1020
240900000	961
241000000	938
241100000	966
241200000	1007
241300000	993
241400000	997
241500000	973
241600000	965
241700000	982
241800000	1029
241900000	960
242000000	944
242100000	950
242200000	940
242300000	971
242400000	983
242500000	1003
242600000	1006
242700000	965
242800000	1005
242900000	1012
243000000	1018
243100000	990
243200000	1003
243300000	971
243400000	1020
243500000	976
243600000	971
243700000	989
243800000	1069
243900000	986
244000000	1025
244100000	1093
244200000	1090
244300000	975
244400000	1087
244500000	1085
244600000	977
244700000	1067
244800000	1096
244900000	1079
245000000	993
245100000	995
245200000	1087
245300000	1033
245400000	986
245500000	1058
245600000	1053
245700000	1044
245800000	1101
245900000	1072
246000000	1030
246100000	1094
246200000	1062
246300000	1016
246400000	1059
246500000	1105
246600000	1015
246700000	1057
246800000	1054
246900000	1024
247000000	1059
247100000	1047
247200000	1057
247300000	1050
247400000	1110
247500000	1055
247600000	1085
247700000	1018
247800000	1078
247900000	1097
248000000	1065
248100000	1059
248200000	1126
248300000	1049
248400000	1111
248500000	1109
248600000	1076
248700000	1104
248800000	1069
248900000	1076
249000000	1149
249100000	1089
249200000	1062
249300000	1139
249400000	1083
249500000	1079
249600000	1099
249700000	1122
249800000	1069
249900000	1049
250000000	1096
250100000	1170
250200000	1133
250300000	1119
250400000	1102
250500000	1125
250600000	1172
250700000	1102
250800000	1149
250900000	1180
251000000	1182
251100000	1136
251200000	1177
251300000	1134
251400000	1161
251500000	1091
251600000	1199
251700000	1170
251800000	1128
251900000	1136
252000000	1191
252100000	1180
252200000	1176
252300000	1125
252400000	1099
252500000	1130
252600000	1105
252700000	1194
252800000	1165
252900000	1126
253000000	1098
253100000	1158
253200000	1168
253300000	1156
253400000	1215
253500000	1167
253600000	1139
253700000	1180
253800000	1192
253900000	1155
254000000	1184
254100000	1277
254200000	1165
254300000	1173
254400000	1186
254500000	1163
254600000	1270
254700000	1196
254800000	1219
254900000	1194
255000000	1281
255100000	1205
255200000	1235
255300000	1176
255400000	1107
255500000	1192
255600000	1211
255700000	1142
255800000	1175
255900000	1210
256000000	1241
256100000	1274
256200000	1150
256300000	1248
256400000	1188
256500000	1270
256600000	1177
256700000	1282
256800000	1182
256900000	1221
257000000	1246
257100000	1182
257200000	1194
257300000	1209
257400000	1231
257500000	1238
257600000	1172
257700000	1215
257800000	1199
257900000	1299
258000000	1248
258100000	1292
258200000	1253
258300000	1236
258400000	1220
258500000	1215
258600000	1198
258700000	1260
258800000	1250
258900000	1223
259000000	1229
259100000	1220
259200000	1211
259300000	1293
259400000	1267
259500000	1199
259600000	1287
259700000	1251
259800000	1297
259900000	1239
260000000	1267
260100000	1237
260200000	1295
260300000	1278
260400000	1218
260500000	1279
260600000	1242
260700000	1235
260800000	1210
260900000	1246
261000000	1165
261100000	1249
261200000	1271
261300000	1245
261400000	1215
261500000	1303
261600000	1216
261700000	1243
261800000	1236
261900000	1169
262000000	1258
262100000	1199
262200000	1246
262300000	1279
262400000	1348
262500000	1195
262600000	1316
262700000	1274
262800000	1267
262900000	1329
263000000	1255
263100000	1244
263200000	1234
263300000	1233
263400000	1332
263500000	1319
263600000	1291
263700000	1264
263800000	1247
263900000	1320
264000000	1270
264100000	1320
264200000	1199
264300000	1310
264400000	1261
264500000	1312
264600000	1362
264700000	1319
264800000	1318
264900000	1260
265000000	1306
265100000	1274
265200000	1273
265300000	1243
265400000	1243
265500000	1294
265600000	1286
265700000	1325
265800000	1284
265900000	1303
266000000	1278
266100000	1347
266200000	1354
266300000	1341
266400000	1298
266500000	1337
266600000	1323
266700000	1301
266800000	1362
266900000	1294
267000000	1359
267100000	1399
267200000	1288
267300000	1285
267400000	1314
267500000	1269
267600000	1301
267700000	1338
267800000	1358
267900000	1268
268000000	1254
268100000	1332
268200000	1328
268300000	1335
268400000	1354
268500000	1285
268600000	1323
268700000	1373
268800000	1378
268900000	1251
269000000	1278
269100000	1321
269200000	1273
269300000	1389
269400000	1324
269500000	1337
269600000	1388
269700000	1349
269800000	1335
269900000	1374
270000000	1332
270100000	1331
270200000	1406
270300000	1398
270400000	1377
270500000	1344
270600000	1394
270700000	1318
270800000	1410
270900000	1376
271000000	1419
271100000	1362
271200000	1288
271300000	1376
271400000	1417
271500000	1304
271600000	1295
271700000	1353
271800000	1315
271900000	1341
272000000	1416
272100000	1327
272200000	1297
272300000	1359
272400000	1390
272500000	1326
272600000	1343
272700000	1356
272800000	1421
272900000	1303
273000000	1403
273100000	1371
273200000	1394
273300000	1323
273400000	1371
273500000	1364
273600000	1353
273700000	1362
273800000	1366
273900000	1357
274000000	1451
274100000	1326
274200000	1379
274300000	1392
274400000	1373
274500000	1407
274600000	1401
274700000	1363
274800000	1419
274900000	1400
275000000	1388
275100000	1413
275200000	1406
275300000	1380
275400000	1306
275500000	1450
275600000	1379
275700000	1354
275800000	1354
275900000	1385
276000000	1388
276100000	1413
276200000	1430
276300000	1403
276400000	1395
276500000	1398
276600000	1407
276700000	1420
276800000	1387
276900000	1431
277000000	1347
277100000	1380
277200000	1392
277300000	1439
277400000	1438
277500000	1416
277600000	1406
277700000	1391
277800000	1412
277900000	1411
278000000	1454
278100000	1396
278200000	1477
278300000	1429
278400000	1453
278500000	1417
278600000	1382
278700000	1437
278800000	1441
278900000	1442
279000000	1373
279100000	1443
279200000	1458
279300000	1416
279400000	1491
279500000	1433
279600000	1469
279700000	1411
279800000	1422
279900000	1457
280000000	1448
280100000	1404
280200000	1343
280300000	1402
280400000	1511
280500000	1406
280600000	1413
280700000	1424
280800000	1413
280900000	1397
281000000	1383
281100000	1381
281200000	1391
281300000	1422
281400000	1412
281500000	1402
281600000	1397
281700000	1479
281800000	1409
281900000	1357
282000000	1443
282100000	1405
282200000	1443
282300000	1499
282400000	1370
282500000	1452
282600000	1389
282700000	1476
282800000	1407
282900000	1438
283000000	1477
283100000	1551
283200000	1387
283300000	1470
283400000	1416
283500000	1416
283600000	1446
283700000	1459
283800000	1421
283900000	1457
284000000	1407
284100000	1447
284200000	1452
284300000	1440
284400000	1427
284500000	1515
284600000	1522
284700000	1418
284800000	1452
284900000	1442
285000000	1448
285100000	1449
285200000	1417
285300000	1482
285400000	1498
285500000	1500
285600000	1414
285700000	1467
285800000	1514
285900000	1496
286000000	1449
286100000	1446
286200000	1521
286300000	1481
286400000	1495
286500000	1525
286600000	1434
286700000	1482
286800000	1440
286900000	1434
287000000	1475
287100000	1498
287200000	1469
287300000	1422
287400000	1469
287500000	1491
287600000	1511
287700000	1419
287800000	1529
287900000	1455
288000000	1512
288100000	1503
288200000	1504
288300000	1477
288400000	1544
288500000	1532
288600000	1554
288700000	1470
288800000	1484
288900000	1484
289000000	1421
289100000	1576
289200000	1398
289300000	1532
289400000	1457
289500000	1471
289600000	1414
289700000	1534
289800000	1493
289900000	1489
290000000	1454
290100000	1476
290200000	1483
290300000	1523
290400000	1513
290500000	1529
290600000	1528
290700000	1435
290800000	1468
290900000	1506
291000000	1449
291100000	1538
291200000	1482
291300000	1530
291400000	1487
291500000	1573
291600000	1488
291700000	1487
291800000	1506
291900000	1546
292000000	1491
292100000	1448
292200000	1520
292300000	1481
292400000	1516
292500000	1459
292600000	1449
292700000	1477
292800000	1527
292900000	1499
293000000	1448
293100000	1574
293200000	1510
293300000	1505
293400000	1518
293500000	1481
293600000	1457
293700000	1472
293800000	1526
293900000	1538
294000000	1475
294100000	1459
294200000	1514
294300000	1507
294400000	1505
294500000	1591
294600000	1572
294700000	1492
294800000	1469
294900000	1520
295000000	1536
295100000	1502
295200000	1575
295300000	1604
295400000	1524
295500000	1540
295600000	1530
295700000	1441
295800000	1493
295900000	1475
296000000	1509
296100000	1552
296200000	1552
296300000	1530
296400000	1504
296500000	1580
296600000	1547
296700000	1516
296800000	1544
296900000	1521
297000000	1435
297100000	1640
297200000	1541
297300000	1520
297400000	1607
297500000	1585
297600000	1465
297700000	1540
297800000	1584
297900000	1547
298000000	1490
298100000	1510
298200000	1519
298300000	1512
298400000	1494
298500000	1540
298600000	1536
298700000	1552
298800000	1518
298900000	1556
299000000	1497
299100000	1524
299200000	1484
299300000	1486
299400000	1595
299500000	1440
299600000	1505
299700000	1527
299800000	1527
299900000	1482
300000000	1474
300100000	1574
300200000	1559
300300000	1498
300400000	1487
300500000	1565
300600000	1483
300700000	1594
300800000	1518
300900000	1501
301000000	1601
301100000	1541
301200000	1630
301300000	1487
301400000	1554
301500000	1520
301600000	1524
301700000	1551
301800000	1537
301900000	1524
302000000	1545
302100000	1540
302200000	1523
302300000	1476
302400000	1519
302500000	1483
302600000	1564
302700000	1622
302800000	1678
302900000	1523
303000000	1500
303100000	1518
303200000	1480
303300000	1461
303400000	1574
303500000	1563
303600000	1563
303700000	1532
303800000	1610
303900000	1633
304000000	1552
304100000	1554
304200000	1538
304300000	1540
304400000	1572
304500000	1586
304600000	1626
304700000	1599
304800000	1582
304900000	1577
305000000	1591
305100000	1514
305200000	1595
305300000	1581
305400000	1624
305500000	1583
305600000	1594
305700000	1522
305800000	1689
305900000	1602
306000000	1504
306100000	1542
306200000	1620
306300000	1593
306400000	1588
306500000	1586
306600000	1506
306700000	1506
306800000	1550
306900000	1592
307000000	1652
307100000	1534
307200000	1585
307300000	1664
307400000	1568
307500000	1573
307600000	1610
307700000	1520
307800000	1591
307900000	1577
308000000	1551
308100000	1588
308200000	1598
308300000	1536
308400000	1493
308500000	1537
308600000	1606
308700000	1525
308800000	1647
308900000	1573
309000000	1551
309100000	1614
309200000	1530
309300000	1608
309400000	1628
309500000	1600
309600000	1624
309700000	1564
309800000	1656
309900000	1593
310000000	1577
310100000	1621
310200000	1588
310300000	1555
310400000	1598
310500000	1679
310600000	1587
310700000	1558
310800000	1531
310900000	1555
311000000	1580
311100000	1644
311200000	1587
311300000	1618
311400000	1592
311500000	1592
311600000	1554
311700000	1650
311800000	1574
311900000	1604
312000000	1545
312100000	1563
312200000	1497
312300000	1531
312400000	1602
312500000	1568
312600000	1523
312700000	1614
312800000	1571
312900000	1669
313000000	1567
313100000	1610
313200000	1544
313300000	1580
313400000	1574
313500000	1663
313600000	1536
313700000	1622
313800000	1645
313900000	1506
314000000	1646
314100000	1639
314200000	1541
314300000	1507
314400000	1592
314500000	1687
314600000	1563
314700000	1586
314800000	1581
314900000	1700
315000000	1589
315100000	1603
315200000	1529
315300000	1648
315400000	1570
315500000	1547
315600000	1568
315700000	1561
315800000	1627
315900000	1562
316000000	1602
316100000	1654
316200000	1698
316300000	1628
316400000	1564
316500000	1571
316600000	1627
316700000	1615
316800000	1616
316900000	1581
317000000	1552
317100000	1548
317200000	1593
317300000	1565
317400000	1612
317500000	1557
317600000	1551
317700000	1659
317800000	1606
317900000	1582
318000000	1618
318100000	1605
318200000	1578
318300000	1587
318400000	1654
318500000	1608
318600000	1636
318700000	1620
318800000	1680
318900000	1579
319000000	1594
319100000	1638
319200000	1591
319300000	1584
319400000	1626
319500000	1590
319600000	1638
319700000	1603
319800000	1604
319900000	1514
320000000	1653
320100000	1568
320200000	1555
320300000	1529
320400000	1593
320500000	1608
320600000	1719
320700000	1605
320800000	1585
320900000	1682
321000000	1645
321100000	1544
321200000	1625
321300000	1571
321400000	1636
321500000	1656
321600000	1655
321700000	1659
321800000	1654
321900000	1655
322000000	1710
322100000	1682
322200000	1635
322300000	1638
322400000	1661
322500000	1607
322600000	1579
322700000	1607
322800000	1586
322900000	1604
323000000	1639
323100000	1688
323200000	1647
323300000	1681
323400000	1609
323500000	1628
323600000	1649
323700000	1644
323800000	1591
323900000	1690
324000000	1625
324100000	1589
324200000	1634
324300000	1655
324400000	1713
324500000	1584
324600000	1631
324700000	1599
324800000	1600
324900000	1640
325000000	1682
325100000	1587
325200000	1615
325300000	1625
325400000	1573
325500000	1628
325600000	1667
325700000	1616
325800000	1643
325900000	1645
326000000	1671
326100000	1622
326200000	1532
326300000	1594
326400000	1642
326500000	1619
326600000	1689
326700000	1572
326800000	1678
326900000	1674
327000000	1656
327100000	1622
327200000	1641
327300000	1624
327400000	1637
327500000	1620
327600000	1682
327700000	1664
327800000	1597
327900000	1633
328000000	1669
328100000	1591
328200000	1572
328300000	1626
328400000	1638
328500000	1645
328600000	1548
328700000	1601
328800000	1659
328900000	1704
329000000	1651
329100000	1639
329200000	1608
329300000	1609
329400000	1688
329500000	1614
329600000	1613
329700000	1649
329800000	1581
329900000	1645
330000000	1647
330100000	1631
330200000	1663
330300000	1644
330400000	1636
330500000	1592
330600000	1640
330700000	1667
330800000	1596
330900000	1657
331000000	1581
331100000	1634
331200000	1661
331300000	1603
331400000	1680
331500000	1651
331600000	1651
331700000	1577
331800000	1666
331900000	1677
332000000	1620
332100000	1660
332200000	1652
332300000	1653
332400000	1665
332500000	1692
332600000	1647
332700000	1681
332800000	1691
332900000	1682
333000000	1638
333100000	1605
333200000	1663
333300000	1673
333400000	1642
333500000	1691
333600000	1658
333700000	1650
333800000	1683
333900000	1579
334000000	1626
334100000	1632
334200000	1664
334300000	1605
334400000	1679
334500000	1636
334600000	1676
334700000	1688
334800000	1632
334900000	1621
335000000	1605
335100000	1674
335200000	1615
335300000	1626
335400000	1608
335500000	1692
335600000	1598
335700000	1682
335800000	1695
335900000	1713
336000000	1681
336100000	1685
336200000	1681
336300000	1646
336400000	1642
336500000	1622
336600000	1682
336700000	1631
336800000	1666
336900000	1632
337000000	1711
337100000	1707
337200000	1656
337300000	1629
337400000	1715
337500000	1685
337600000	1708
337700000	1625
337800000	1600
337900000	1628
338000000	1675
338100000	1673
338200000	1618
338300000	1653
338400000	1648
338500000	1693
338600000	1734
338700000	1658
338800000	1667
338900000	1630
339000000	1672
339100000	1676
339200000	1590
339300000	1666
339400000	1669
339500000	1694
339600000	1746
339700000	1672
339800000	1662
339900000	1624
340000000	1609
340100000	1710
340200000	1635
340300000	1659
340400000	1709
340500000	1691
340600000	1659
340700000	1715
340800000	1709
340900000	1693
341000000	1665
341100000	1634
341200000	1616
341300000	1686
341400000	1774
341500000	1730
341600000	1672
341700000	1651
341800000	1636
341900000	1636
342000000	1649
342100000	1655
342200000	1707
342300000	1692
342400000	1608
342500000	1608
342600000	1646
342700000	1646
342800000	1629
342900000	1732
343000000	1640
343100000	1652
343200000	1741
343300000	1691
343400000	1656
343500000	1615
343600000	1709
343700000	1685
343800000	1607
343900000	1652
344000000	1685
344100000	1669
344200000	1736
344300000	1677
344400000	1713
344500000	1718
344600000	1633
344700000	1700
344800000	1659
344900000	1716
345000000	1693
345100000	1596
345200000	1725
345300000	1617
345400000	1628
345500000	1642
345600000	1632
345700000	1693
345800000	1596
345900000	1680
346000000	1645
346100000	1669
346200000	1664
346300000	1704
346400000	1620
346500000	1695
346600000	1638
346700000	1622
346800000	1718
346900000	1705
347000000	1574
347100000	1669
347200000	1658
347300000	1627
347400000	1664
347500000	1731
347600000	1588
347700000	1714
347800000	1693
347900000	1620
348000000	1675
348100000	1690
348200000	1703
348300000	1552
348400000	1647
348500000	1641
348600000	1664
348700000	1712
348800000	1712
348900000	1701
349000000	1635
349100000	1609
349200000	1627
349300000	1742
349400000	1672
349500000	1625
349600000	1625
349700000	1660
349800000	1690
349900000	1647
350000000	1724
350100000	1685
350200000	1745
350300000	1623
350400000	1650
350500000	1700
350600000	1580
350700000	1663
350800000	1640
350900000	1604
351000000	1648
351100000	1590
351200000	1706
351300000	1625
351400000	1754
351500000	1774
351600000	1630
351700000	1660
351800000	1707
351900000	1749
352000000	1658
352100000	1694
352200000	1713
352300000	1723
352400000	1721
352500000	1622
352600000	1649
352700000	1643
352800000	1640
352900000	1722
353000000	1694
353100000	1732
353200000	1740
353300000	1715
353400000	1726
353500000	1659
353600000	1704
353700000	1736
353800000	1656
353900000	1720
354000000	1674
354100000	1735
354200000	1740
354300000	1679
354400000	1786
354500000	1713
354600000	1675
354700000	1647
354800000	1666
354900000	1705
355000000	1692
355100000	1709
355200000	1734
355300000	1670
355400000	1739
355500000	1622
355600000	1606
355700000	1737
355800000	1680
355900000	1633
356000000	1630
356100000	1727
356200000	1672
356300000	1720
356400000	1661
356500000	1735
356600000	1684
356700000	1679
356800000	1668
356900000	1611
357000000	1669
357100000	1645
357200000	1649
357300000	1750
357400000	1691
357500000	1689
357600000	1704
357700000	1736
357800000	1619
357900000	1664
358000000	1659
358100000	1679
358200000	1695
358300000	1720
358400000	1700
358500000	1721
358600000	1647
358700000	1725
358800000	1794
358900000	1664
359000000	1696
359100000	1713
359200000	1642
359300000	1669
359400000	1611
359500000	1692
359600000	1676
359700000	1707
359800000	1739
359900000	1682
360000000	1697
360100000	1720
360200000	1704
360300000	1644
360400000	1703
360500000	1618
360600000	1666
360700000	1612
360800000	1640
360900000	1684
361000000	1628
361100000	1704
361200000	1635
361300000	1729
361400000	1646
361500000	1677
361600000	1596
361700000	1656
361800000	1651
361900000	1717
362000000	1675
362100000	1686
362200000	1721
362300000	1769
362400000	1673
362500000	1687
362600000	1668
362700000	1704
362800000	1720
362900000	1700
363000000	1660
363100000	1657
363200000	1639
363300000	1740
363400000	1629
363500000	1694
363600000	1607
363700000	1702
363800000	1697
363900000	1666
364000000	1715
364100000	1708
364200000	1683
364300000	1711
364400000	1730
364500000	1793
364600000	1693
364700000	1742
364800000	1744
364900000	1710
365000000	1755
365100000	1712
365200000	1681
365300000	1645
365400000	1700
365500000	1734
365600000	1671
365700000	1706
365800000	1579
365900000	1689
366000000	1661
366100000	1670
366200000	1678
366300000	1661
366400000	1715
366500000	1685
366600000	1720
366700000	1624
366800000	1713
366900000	1685
367000000	1743
367100000	1690
367200000	1699
367300000	1695
367400000	1735
367500000	1720
367600000	1642
367700000	1656
367800000	1628
367900000	1681
368000000	1619
368100000	1706
368200000	1686
368300000	1732
368400000	1715
368500000	1783
368600000	1754
368700000	1621
368800000	1693
368900000	1678
369000000	1705
369100000	1709
369200000	1646
369300000	1709
369400000	1678
369500000	1674
369600000	1666
369700000	1683
369800000	1709
369900000	1670
370000000	1740
370100000	1718
370200000	1732
370300000	1679
370400000	1712
370500000	1806
370600000	1720
370700000	1684
370800000	1685
370900000	1631
371000000	1710
371100000	1643
371200000	1772
371300000	1710
371400000	1730
371500000	1637
371600000	1718
371700000	1695
371800000	1636
371900000	1670
372000000	1692
372100000	1673
372200000	1681
372300000	1721
372400000	1682
372500000	1748
372600000	1695
372700000	1761
372800000	1736
372900000	1745
373000000	1645
373100000	1688
373200000	1642
373300000	1746
373400000	1742
373500000	1697
373600000	1686
373700000	1638
373800000	1702
373900000	1678
374000000	1730
374100000	1734
374200000	1655
374300000	1713
374400000	1728
374500000	1734
374600000	1735
374700000	1662
374800000	1725
374900000	1726
375000000	1655
375100000	1697
375200000	1744
375300000	1615
375400000	1696
375500000	1692
375600000	1725
375700000	1739
375800000	1660
375900000	1694
376000000	1752
376100000	1790
376200000	1746
376300000	1699
376400000	1719
376500000	1696
376600000	1727
376700000	1664
376800000	1769
376900000	1726
377000000	1664
377100000	1781
377200000	1704
377300000	1697
377400000	1614
377500000	1702
377600000	1757
377700000	1715
377800000	1741
377900000	1688
378000000	1685
378100000	1620
378200000	1676
378300000	1679
378400000	1691
378500000	1734
378600000	1682
378700000	1765
378800000	1692
378900000	1757
379000000	1689
379100000	1730
379200000	1751
379300000	1704
379400000	1669
379500000	1672
379600000	1691
379700000	1763
379800000	1681
379900000	1706
380000000	1735
380100000	1639
380200000	1688
380300000	1729
380400000	1698
380500000	1811
380600000	1666
380700000	1725
380800000	1650
380900000	1649
381000000	1680
381100000	1721
381200000	1705
381300000	1671
381400000	1671
381500000	1688
381600000	1718
381700000	1746
381800000	1725
381900000	1745
382000000	1695
382100000	1689
382200000	1696
382300000	1687
382400000	1710
382500000	1666
382600000	1744
382700000	1721
382800000	1733
382900000	1671
383000000	1672
383100000	1789
383200000	1742
383300000	1694
383400000	1678
383500000	1754
383600000	1689
383700000	1711
383800000	1696
383900000	1663
384000000	1699
384100000	1683
384200000	1671
384300000	1687
384400000	1635
384500000	1694
384600000	1615
384700000	1709
384800000	1708
384900000	1720
385000000	1697
385100000	1720
385200000	1686
385300000	1761
385400000	1653
385500000	1748
385600000	1702
385700000	1724
385800000	1672
385900000	1625
386000000	1669
386100000	1724
386200000	1656
386300000	1594
386400000	1753
386500000	1747
386600000	1631
386700000	1736
386800000	1715
386900000	1728
387000000	1720
387100000	1730
387200000	1790
387300000	1680
387400000	1765
387500000	1657
387600000	1663
387700000	1740
387800000	1751
387900000	1635
388000000	1699
388100000	1640
388200000	1680
388300000	1703
388400000	1640
388500000	1653
388600000	1704
388700000	1732
388800000	1749
388900000	1781
389000000	1755
389100000	1671
389200000	1711
389300000	1712
389400000	1735
389500000	1733
389600000	1652
389700000	1663
389800000	1700
389900000	1721
390000000	1726
390100000	1696
390200000	1723
390300000	1680
390400000	1779
390500000	1733
390600000	1755
390700000	1763
390800000	1753
390900000	1697
391000000	1672
391100000	1737
391200000	1690
391300000	1750
391400000	1741
391500000	1745
391600000	1714
391700000	1745
391800000	1723
391900000	1743
392000000	1724
392100000	1576
392200000	1736
392300000	1695
392400000	1681
392500000	1610
392600000	1671
392700000	1705
392800000	1639
392900000	1691
393000000	1732
393100000	1674
393200000	1591
393300000	1704
393400000	1675
393500000	1660
393600000	1657
393700000	1759
393800000	1664
393900000	1655
394000000	1782
394100000	1714
394200000	1642
394300000	1688
394400000	1686
394500000	1670
394600000	1697
394700000	1735
394800000	1690
394900000	1760
395000000	1667
395100000	1651
395200000	1666
395300000	1721
395400000	1756
395500000	1738
395600000	1672
395700000	1709
395800000	1747
395900000	1709
396000000	1760
396100000	1749
396200000	1734
396300000	1766
396400000	1707
396500000	1693
396600000	1636
396700000	1712
396800000	1730
396900000	1710
397000000	1726
397100000	1696
397200000	1676
397300000	1703
397400000	1673
397500000	1702
397600000	1743
397700000	1681
397800000	1728
397900000	1660
398000000	1695
398100000	1704
398200000	1694
398300000	1738
398400000	1653
398500000	1734
398600000	1685
398700000	1752
398800000	1750
398900000	1692
399000000	1695
399100000	1745
399200000	1736
399300000	1784
399400000	1696
399500000	1738
399600000	1729
399700000	1764
399800000	1682
399900000	1727
400000000	1712
400100000	1607
400200000	1642
400300000	1737
400400000	1703
400500000	1803
400600000	1708
400700000	1696
400800000	1735
400900000	1776
401000000	1713
401100000	1688
401200000	1690
401300000	1706
401400000	1687
401500000	1728
401600000	1696
401700000	1731
401800000	1747
401900000	1682
402000000	1713
402100000	1732
402200000	1689
402300000	1665
402400000	1686
402500000	1646
402600000	1662
402700000	1745
402800000	1696
402900000	1714
403000000	1682
403100000	1651
403200000	1665
403300000	1627
403400000	1614
403500000	1637
403600000	1652
403700000	1641
403800000	1585
403900000	1695
404000000	1636
404100000	1639
404200000	1635
404300000	1593
404400000	1616
404500000	1656
404600000	1643
404700000	1658
404800000	1629
404900000	1593
405000000	1588
405100000	1551
405200000	1607
405300000	1571
405400000	1629
405500000	1615
405600000	1617
405700000	1590
405800000	1598
405900000	1507
406000000	1625
406100000	1558
406200000	1470
406300000	1511
406400000	1524
406500000	1559
406600000	1529
406700000	1517
406800000	1485
406900000	1524
407000000	1480
407100000	1517
407200000	1493
407300000	1500
407400000	1456
407500000	1500
407600000	1489
407700000	1485
407800000	1529
407900000	1552
408000000	1516
408100000	1401
408200000	1469
408300000	1526
408400000	1452
408500000	1428
408600000	1433
408700000	1447
408800000	1362
408900000	1473
409000000	1376
409100000	1452
409200000	1384
409300000	1337
409400000	1426
409500000	1384
409600000	1382
409700000	1402
409800000	1406
409900000	1356
410000000	1341
410100000	1356
410200000	1343
410300000	1378
410400000	1357
410500000	1332
410600000	1403
410700000	1408
410800000	1373
410900000	1353
411000000	1362
411100000	1300
411200000	1359
411300000	1276
411400000	1373
411500000	1245
411600000	1333
411700000	1292
411800000	1282
411900000	1368
412000000	1326
412100000	1355
412200000	1226
412300000	1267
412400000	1315
412500000	1249
412600000	1293
412700000	1226
412800000	1204
412900000	1247
413000000	1277
413100000	1283
413200000	1317
413300000	1186
413400000	1330
413500000	1189
413600000	1276
413700000	1249
413800000	1278
413900000	1267
414000000	1192
414100000	1260
414200000	1252
414300000	1269
414400000	1178
414500000	1203
414600000	1233
414700000	1220
414800000	1151
414900000	1146
415000000	1227
415100000	1228
415200000	1164
415300000	1154
415400000	1132
415500000	1205
415600000	1131
415700000	1211
415800000	1190
415900000	1128
416000000	1184
416100000	1174
416200000	1176
416300000	1176
416400000	1107
416500000	1168
416600000	1118
416700000	1199
416800000	1104
416900000	1091
417000000	1192
417100000	1121
417200000	1111
417300000	1157
417400000	1091
417500000	1128
417600000	1114
417700000	1097
417800000	1138
417900000	1090
418000000	1064
418100000	1102
418200000	1100
418300000	1042
418400000	1113
418500000	1062
418600000	1023
418700000	1034
418800000	1053
418900000	1080
419000000	1022
419100000	1014
419200000	1026
419300000	1054
419400000	1065
419500000	1070
419600000	1035
419700000	987
419800000	1003
419900000	1022
420000000	999
420100000	987
420200000	1053
420300000	1029
420400000	1066
420500000	1064
420600000	987
420700000	990
420800000	989
420900000	992
421000000	959
421100000	973
421200000	969
421300000	980
421400000	980
421500000	938
421600000	1033
421700000	992
421800000	955
421900000	980
422000000	1024
422100000	936
422200000	950
422300000	960
422400000	939
422500000	938
422600000	953
422700000	990
422800000	950
422900000	897
423000000	965
423100000	1006
423200000	950
423300000	933
423400000	974
423500000	928
423600000	947
423700000	882
423800000	941
423900000	896
424000000	906
424100000	856
424200000	855
424300000	919
424400000	885
424500000	907
424600000	882
424700000	877
424800000	877
424900000	863
425000000	887
425100000	912
425200000	872
425300000	872
425400000	835
425500000	890
425600000	891
425700000	843
425800000	847
425900000	874
426000000	854
426100000	804
426200000	854
426300000	857
426400000	861
426500000	801
426600000	883
426700000	809
426800000	817
426900000	851
427000000	830
427100000	831
427200000	885
427300000	805
427400000	842
427500000	822
427600000	808
427700000	813
427800000	854
427900000	847
428000000	855
428100000	799
428200000	768
428300000	791
428400000	781
428500000	780
428600000	829
428700000	806
428800000	828
428900000	827
429000000	832
429100000	814
429200000	775
429300000	798
429400000	786
429500000	780
429600000	743
429700000	782
429800000	754
429900000	768
430000000	782
430100000	753
430200000	796
430300000	711
430400000	750
430500000	782
430600000	757
430700000	758
430800000	823
430900000	725
431000000	769
431100000	790
431200000	777
431300000	731
431400000	753
431500000	769
431600000	745
431700000	681
431800000	714
431900000	760
432000000	740
432100000	736
432200000	742
432300000	721
432400000	711
432500000	773
432600000	742
432700000	731
432800000	696
432900000	721
433000000	657
433100000	686
433200000	710
433300000	690
433400000	722
433500000	734
433600000	714
433700000	720
433800000	702
433900000	687
434000000	696
434100000	697
434200000	696
434300000	714
434400000	672
434500000	679
434600000	694
434700000	682
434800000	680
434900000	695
435000000	662
435100000	679
435200000	659
435300000	700
435400000	648
435500000	704
435600000	663
435700000	651
435800000	679
435900000	623
436000000	656
436100000	699
436200000	653
436300000	645
436400000	685
436500000	656
436600000	631
436700000	658
436800000	668
436900000	692
437000000	690
437100000	656
437200000	658
437300000	689
437400000	610
437500000	604
437600000	654
437700000	641
437800000	614
437900000	621
438000000	639
438100000	655
438200000	619
438300000	657
438400000	610
438500000	626
438600000	574
438700000	638
438800000	597
438900000	591
439000000	587
439100000	616
439200000	574
439300000	596
439400000	564
439500000	642
439600000	634
439700000	575
439800000	596
439900000	607
440000000	606
440100000	611
440200000	615
440300000	586
440400000	636
440500000	589
440600000	588
440700000	607
440800000	576
440900000	595
441000000	585
441100000	627
441200000	553
441300000	530
441400000	554
441500000	598
441600000	570
441700000	537
441800000	604
441900000	572
442000000	582
442100000	602
442200000	542
442300000	521
442400000	553
442500000	566
442600000	550
442700000	565
442800000	574
442900000	560
443000000	551
443100000	541
443200000	591
443300000	560
443400000	529
443500000	512
443600000	550
443700000	568
443800000	566
443900000	573
444000000	552
444100000	532
444200000	591
444300000	537
444400000	549
444500000	559
444600000	555
444700000	517
444800000	576
444900000	554
445000000	509
445100000	546
445200000	539
445300000	509
445400000	479
445500000	532
445600000	537
445700000	524
445800000	513
445900000	531
446000000	504
446100000	520
446200000	530
446300000	510
446400000	513
446500000	502
446600000	491
446700000	473
446800000	517
446900000	528
447000000	527
447100000	525
447200000	497
447300000	510
447400000	492
447500000	509
447600000	497
447700000	514
447800000	491
447900000	516
448000000	500
448100000	525
448200000	521
448300000	494
448400000	498
448500000	494
448600000	486
448700000	479
448800000	489
448900000	432
449000000	436
449100000	499
449200000	514
449300000	486
449400000	503
449500000	455
449600000	492
449700000	459
449800000	505
449900000	439
450000000	514
450100000	479
450200000	483
450300000	503
450400000	520
450500000	466
450600000	488
450700000	472
450800000	417
450900000	472
451000000	493
451100000	441
451200000	441
451300000	486
451400000	460
451500000	492
451600000	469
451700000	477
451800000	442
451900000	491
452000000	446
452100000	408
452200000	464
452300000	476
452400000	458
452500000	476
452600000	463
452700000	431
452800000	456
452900000	430
453000000	483
453100000	420
453200000	436
453300000	459
453400000	435
453500000	465
453600000	402
453700000	418
453800000	442
453900000	430
454000000	403
454100000	418
454200000	434
454300000	421
454400000	448
454500000	448
454600000	467
454700000	409
454800000	393
454900000	411
455000000	402
455100000	465
455200000	433
455300000	438
455400000	425
455500000	399
455600000	398
455700000	414
455800000	446
455900000	406
456000000	428
456100000	410
456200000	395
456300000	425
456400000	425
456500000	455
456600000	424
456700000	424
456800000	427
456900000	407
457000000	384
457100000	429
457200000	388
457300000	381
457400000	433
457500000	432
457600000	397
457700000	403
457800000	392
457900000	375
458000000	380
458100000	398
458200000	422
458300000	403
458400000	383
458500000	382
458600000	385
458700000	412
458800000	403
458900000	407
459000000	376
459100000	391
459200000	398
459300000	396
459400000	392
459500000	364
459600000	388
459700000	365
459800000	357
459900000	387
460000000	356
460100000	376
460200000	335
460300000	362
460400000	352
460500000	402
460600000	365
460700000	347
460800000	354
460900000	359
461000000	364
461100000	357
461200000	358
461300000	371
461400000	356
461500000	377
461600000	346
461700000	361
461800000	397
461900000	371
462000000	385
462100000	376
462200000	410
462300000	389
462400000	382
462500000	359
462600000	364
462700000	350
462800000	359
462900000	382
463000000	348
463100000	334
463200000	326
463300000	331
463400000	366
463500000	332
463600000	339
463700000	363
463800000	365
463900000	370
464000000	335
464100000	357
464200000	371
464300000	364
464400000	377
464500000	351
464600000	357
464700000	335
464800000	333
464900000	353
465000000	368
465100000	339
465200000	343
465300000	363
465400000	325
465500000	356
465600000	313
465700000	336
465800000	341
465900000	312
466000000	348
466100000	338
466200000	329
466300000	350
466400000	358
466500000	312
466600000	321
466700000	328
466800000	346
466900000	351
467000000	308
467100000	339
467200000	313
467300000	322
467400000	324
467500000	320
467600000	352
467700000	314
467800000	323
467900000	316
468000000	324
468100000	314
468200000	277
468300000	330
468400000	306
468500000	338
468600000	345
468700000	319
468800000	326
468900000	309
469000000	312
469100000	319
469200000	341
469300000	314
469400000	322
469500000	325
469600000	353
469700000	308
469800000	313
469900000	284
470000000	300
470100000	340
470200000	283
470300000	347
470400000	312
470500000	308
470600000	315
470700000	299
470800000	300
470900000	325
471000000	310
471100000	297
471200000	307
471300000	288
471400000	305
471500000	277
471600000	318
471700000	254
471800000	330
471900000	279
472000000	286
472100000	319
472200000	284
472300000	307
472400000	332
472500000	326
472600000	294
472700000	298
472800000	299
472900000	323
473000000	327
473100000	311
473200000	277
473300000	297
473400000	298
473500000	299
473600000	311
473700000	263
473800000	306
473900000	286
474000000	274
474100000	267
474200000	309
474300000	311
474400000	285
474500000	290
474600000	273
474700000	275
474800000	312
474900000	304
475000000	260
475100000	294
475200000	287
475300000	247
475400000	308
475500000	274
475600000	288
475700000	299
475800000	275
475900000	273
476000000	292
476100000	294
476200000	283
476300000	288
476400000	261
476500000	288
476600000	279
476700000	271
476800000	272
476900000	282
477000000	271
477100000	258
477200000	274
477300000	262
477400000	262
477500000	273
477600000	276
477700000	275
477800000	286
477900000	301
478000000	278
478100000	280
478200000	238
478300000	275
478400000	277
478500000	274
478600000	263
478700000	293
478800000	269
478900000	271
479000000	276
479100000	258
479200000	270
479300000	290
479400000	284
479500000	253
479600000	246
479700000	259
479800000	263
479900000	249
480000000	255
480100000	268
480200000	253
480300000	249
480400000	271
480500000	266
480600000	292
480700000	248
480800000	282
480900000	274
481000000	232
481100000	243
481200000	276
481300000	241
481400000	256
481500000	262
481600000	242
481700000	236
481800000	232
481900000	214
482000000	259
482100000	273
482200000	265
482300000	240
482400000	239
482500000	238
482600000	254
482700000	222
482800000	261
482900000	234
483000000	227
483100000	240
483200000	275
483300000	236
483400000	232
483500000	236
483600000	221
483700000	223
483800000	264
483900000	247
484000000	285
484100000	239
484200000	230
484300000	238
484400000	225
484500000	256
484600000	238
484700000	244
484800000	216
484900000	251
485000000	232
485100000	258
485200000	252
485300000	247
485400000	228
485500000	244
485600000	212
485700000	240
485800000	253
485900000	253
486000000	234
486100000	234
486200000	206
486300000	241
486400000	245
486500000	240
486600000	251
486700000	229
486800000	248
486900000	228
487000000	224
487100000	240
487200000	229
487300000	221
487400000	208
487500000	240
487600000	226
487700000	212
487800000	200
487900000	217
488000000	253
488100000	203
488200000	212
488300000	216
488400000	230
488500000	240
488600000	206
488700000	209
488800000	239
488900000	226
489000000	228
489100000	224
489200000	228
489300000	255
489400000	236
489500000	239
489600000	203
489700000	241
489800000	225
489900000	214
490000000	216
490100000	235
490200000	249
490300000	239
490400000	208
490500000	207
490600000	216
490700000	213
490800000	199
490900000	224
491000000	218
491100000	210
491200000	202
491300000	223
491400000	215
491500000	216
491600000	207
491700000	241
491800000	217
491900000	214
492000000	192
492100000	199
492200000	205
492300000	221
492400000	207
492500000	205
492600000	223
492700000	193
492800000	213
492900000	231
493000000	197
493100000	204
493200000	215
493300000	197
493400000	236
493500000	219
493600000	204
493700000	215
493800000	208
493900000	198
494000000	200
494100000	185
494200000	207
494300000	175
494400000	210
494500000	218
494600000	188
494700000	207
494800000	195
494900000	213
495000000	203
495100000	170
495200000	180
495300000	220
495400000	203
495500000	214
495600000	215
495700000	205
495800000	197
495900000	191
496000000	201
496100000	189
496200000	196
496300000	186
496400000	211
496500000	209
496600000	196
496700000	192
496800000	175
496900000	195
497000000	217
497100000	212
497200000	201
497300000	216
497400000	214
497500000	183
497600000	210
497700000	223
497800000	186
497900000	187
498000000	198
498100000	199
498200000	195
498300000	189
498400000	186
498500000	196
498600000	196
498700000	179
498800000	180
498900000	183
499000000	201
499100000	194
499200000	194
499300000	178
499400000	165
499500000	189
499600000	188
499700000	161
499800000	187
499900000	179
500000000	190
500100000	184
500200000	158
500300000	201
500400000	188
500500000	184
500600000	201
500700000	180
500800000	188
500900000	178
501000000	163
501100000	213
501200000	182
501300000	194
501400000	213
501500000	169
501600000	177
501700000	185
501800000	189
501900000	170
502000000	194
502100000	182
502200000	207
502300000	196
502400000	195
502500000	192
502600000	185
502700000	166
502800000	169
502900000	202
503000000	189
503100000	157
503200000	175
503300000	184
503400000	190
503500000	153
503600000	180
503700000	193
503800000	169
503900000	183
504000000	166
504100000	164
504200000	194
504300000	194
504400000	206
504500000	173
504600000	180
504700000	168
504800000	174
504900000	189
505000000	178
505100000	187
505200000	201
505300000	184
505400000	173
505500000	178
505600000	177
505700000	175
505800000	167
505900000	175
506000000	160
506100000	197
506200000	183
506300000	163
506400000	178
506500000	189
506600000	169
506700000	158
506800000	168
506900000	144
507000000	165
507100000	157
507200000	179
507300000	169
507400000	168
507500000	149
507600000	155
507700000	167
507800000	164
507900000	164
508000000	171
508100000	161
508200000	178
508300000	166
508400000	175
508500000	153
508600000	175
508700000	161
508800000	154
508900000	151
509000000	154
509100000	147
509200000	145
509300000	185
509400000	150
509500000	160
509600000	167
509700000	172
509800000	173
509900000	138
510000000	154
510100000	149
510200000	163
510300000	167
510400000	175
510500000	158
510600000	146
510700000	169
510800000	157
510900000	162
511000000	171
511100000	154
511200000	167
511300000	160
511400000	159
511500000	161
511600000	157
511700000	166
511800000	173
511900000	170
512000000	166
512100000	153
512200000	133
512300000	161
512400000	166
512500000	163
512600000	144
512700000	161
512800000	129
512900000	171
513000000	133
513100000	167
513200000	141
513300000	163
513400000	152
513500000	167
513600000	149
513700000	143
513800000	130
513900000	144
514000000	163
514100000	154
514200000	161
514300000	144
514400000	149
514500000	129
514600000	149
514700000	155
514800000	151
514900000	137
515000000	141
515100000	167
515200000	151
515300000	145
515400000	133
515500000	139
515600000	145
515700000	148
515800000	127
515900000	127
516000000	154
516100000	144
516200000	146
516300000	165
516400000	183
516500000	156
516600000	148
516700000	142
516800000	148
516900000	155
517000000	151
517100000	146
517200000	147
517300000	127
517400000	132
517500000	149
517600000	150
517700000	138
517800000	168
517900000	133
518000000	153
518100000	157
518200000	148
518300000	136
518400000	153
518500000	160
518600000	123
518700000	162
518800000	145
518900000	145
519000000	140
519100000	121
519200000	132
519300000	146
519400000	135
519500000	128
519600000	143
519700000	126
519800000	131
519900000	144
520000000	129
520100000	109
520200000	136
520300000	133
520400000	132
520500000	141
520600000	144
520700000	137
520800000	149
520900000	114
521000000	151
521100000	108
521200000	141
521300000	135
521400000	127
521500000	136
521600000	149
521700000	137
521800000	144
521900000	157
522000000	121
522100000	131
522200000	168
522300000	129
522400000	161
522500000	149
522600000	130
522700000	145
522800000	130
522900000	121
523000000	131
523100000	160
523200000	139
523300000	114
523400000	133
523500000	144
523600000	131
523700000	133
523800000	133
523900000	136
524000000	137
524100000	113
524200000	137
524300000	132
524400000	134
524500000	162
524600000	116
524700000	152
524800000	119
524900000	132
525000000	121
525100000	111
525200000	150
525300000	122
525400000	121
525500000	140
525600000	133
525700000	119
525800000	122
525900000	136
526000000	130
526100000	115
526200000	133
526300000	117
526400000	135
526500000	140
526600000	130
526700000	113
526800000	132
526900000	121
527000000	116
527100000	99
527200000	120
527300000	113
527400000	145
527500000	132
527600000	124
527700000	136
527800000	125
527900000	141
528000000	147
528100000	136
528200000	155
528300000	127
528400000	126
528500000	119
528600000	131
528700000	133
528800000	131
528900000	121
529000000	110
529100000	109
529200000	141
529300000	119
529400000	111
529500000	137
529600000	137
529700000	113
529800000	130
529900000	112
530000000	113
530100000	105
530200000	140
530300000	118
530400000	128
530500000	105
530600000	146
530700000	113
530800000	140
530900000	107
531000000	132
531100000	123
531200000	115
531300000	110
531400000	124
531500000	114
531600000	96
531700000	122
531800000	111
531900000	114
532000000	124
532100000	121
532200000	104
532300000	126
532400000	101
532500000	129
532600000	129
532700000	123
532800000	98
532900000	143
533000000	114
533100000	90
533200000	120
533300000	115
533400000	147
533500000	124
533600000	106
533700000	134
533800000	109
533900000	122
534000000	95
534100000	107
534200000	137
534300000	131
534400000	121
534500000	117
534600000	115
534700000	128
534800000	100
534900000	131
535000000	128
535100000	95
535200000	126
535300000	104
535400000	113
535500000	111
535600000	135
535700000	117
535800000	108
535900000	140
536000000	117
536100000	103
536200000	112
536300000	139
536400000	123
536500000	120
536600000	108
536700000	116
536800000	110
536900000	108
537000000	116
537100000	110
537200000	106
537300000	96
537400000	100
537500000	105
537600000	97
537700000	119
537800000	104
537900000	97
538000000	110
538100000	102
538200000	114
538300000	119
538400000	123
538500000	104
538600000	110
538700000	112
538800000	103
538900000	95
539000000	111
539100000	118
539200000	96
539300000	129
539400000	118
539500000	123
539600000	106
539700000	104
539800000	97
539900000	99
540000000	94
540100000	106
540200000	115
540300000	117
540400000	116
540500000	106
540600000	88
540700000	106
540800000	96
540900000	122
541000000	107
541100000	109
541200000	98
541300000	118
541400000	105
541500000	105
541600000	114
541700000	98
541800000	85
541900000	101
542000000	84
542100000	122
542200000	98
542300000	102
542400000	112
542500000	99
542600000	96
542700000	98
542800000	126
542900000	92
543000000	93
543100000	100
543200000	105
543300000	95
543400000	91
543500000	97
543600000	98
543700000	102
543800000	115
543900000	86
544000000	95
544100000	94
544200000	99
544300000	84
544400000	112
544500000	93
544600000	106
544700000	104
544800000	99
544900000	102
545000000	73
545100000	112
545200000	94
545300000	103
545400000	103
545500000	107
545600000	93
545700000	100
545800000	98
545900000	120
546000000	121
546100000	114
546200000	74
546300000	106
546400000	115
546500000	109
546600000	103
546700000	83
546800000	82
546900000	88
547000000	109
547100000	94
547200000	100
547300000	76
547400000	91
547500000	91
547600000	88
547700000	91
547800000	93
547900000	82
548000000	106
548100000	106
548200000	98
548300000	93
548400000	88
548500000	92
548600000	97
548700000	101
548800000	90
548900000	114
549000000	85
549100000	100
549200000	77
549300000	89
549400000	102
549500000	100
549600000	107
549700000	75
549800000	80
549900000	91
550000000	92
550100000	79
550200000	107
550300000	94
550400000	86
550500000	84
550600000	90
550700000	98
550800000	84
550900000	93
551000000	117
551100000	95
551200000	74
551300000	82
551400000	98
551500000	82
551600000	107
551700000	99
551800000	98
551900000	91
552000000	100
552100000	92
552200000	107
552300000	83
552400000	85
552500000	87
552600000	94
552700000	92
552800000	101
552900000	104
553000000	85
553100000	101
553200000	100
553300000	92
553400000	106
553500000	93
553600000	99
553700000	86
553800000	85
553900000	92
554000000	105
554100000	102
554200000	64
554300000	85
554400000	80
554500000	88
554600000	75
554700000	85
554800000	82
554900000	87
555000000	81
555100000	100
555200000	86
555300000	96
555400000	93
555500000	81
555600000	85
555700000	81
555800000	77
555900000	96
556000000	97
556100000	99
556200000	95
556300000	89
556400000	88
556500000	85
556600000	66
556700000	73
556800000	89
556900000	92
557000000	83
557100000	72
557200000	80
557300000	74
557400000	81
557500000	76
557600000	86
557700000	93
557800000	95
557900000	90
558000000	85
558100000	72
558200000	84
558300000	93
558400000	93
558500000	73
558600000	79
558700000	86
558800000	90
558900000	85
559000000	73
559100000	86
559200000	70
559300000	91
559400000	81
559500000	80
559600000	90
559700000	78
559800000	90
559900000	86
560000000	70
560100000	83
560200000	72
560300000	71
560400000	73
560500000	78
560600000	86
560700000	74
560800000	93
560900000	90
561000000	80
561100000	82
561200000	67
561300000	110
561400000	100
561500000	60
561600000	89
561700000	89
561800000	77
561900000	95
562000000	76
562100000	91
562200000	83
562300000	105
562400000	101
562500000	63
562600000	80
562700000	82
562800000	76
562900000	89
563000000	96
563100000	92
563200000	79
563300000	79
563400000	83
563500000	85
563600000	72
563700000	82
563800000	80
563900000	91
564000000	72
564100000	73
564200000	69
564300000	78
564400000	79
564500000	80
564600000	88
564700000	83
564800000	75
564900000	82
565000000	78
565100000	70
565200000	92
565300000	74
565400000	85
565500000	81
565600000	70
565700000	77
565800000	78
565900000	95
566000000	81
566100000	72
566200000	84
566300000	86
566400000	91
566500000	76
566600000	80
566700000	70
566800000	92
566900000	85
567000000	98
567100000	76
567200000	86
567300000	77
567400000	78
567500000	84
567600000	81
567700000	70
567800000	66
567900000	78
568000000	59
568100000	74
568200000	75
568300000	86
568400000	76
568500000	81
568600000	68
568700000	68
568800000	70
568900000	66
569000000	76
569100000	74
569200000	68
569300000	78
569400000	58
569500000	85
569600000	71
569700000	78
569800000	84
569900000	76
570000000	73
570100000	86
570200000	75
570300000	66
570400000	58
570500000	64
570600000	81
570700000	89
570800000	82
570900000	72
571000000	79
571100000	87
571200000	66
571300000	69
571400000	82
571500000	75
571600000	78
571700000	80
571800000	87
571900000	70
572000000	82
572100000	70
572200000	73
572300000	68
572400000	77
572500000	71
572600000	59
572700000	65
572800000	71
572900000	73
573000000	80
573100000	63
573200000	64
573300000	72
573400000	78
573500000	57
573600000	73
573700000	68
573800000	87
573900000	79
574000000	68
574100000	65
574200000	65
574300000	65
574400000	93
574500000	86
574600000	68
574700000	66
574800000	68
574900000	78
575000000	90
575100000	76
575200000	73
575300000	59
575400000	64
575500000	71
575600000	57
575700000	63
575800000	62
575900000	51
576000000	53
576100000	71
576200000	72
576300000	64
576400000	67
576500000	63
576600000	81
576700000	52
576800000	54
576900000	75
577000000	78
577100000	69
577200000	74
577300000	65
577400000	58
577500000	74
577600000	60
577700000	67
577800000	60
577900000	63
578000000	66
578100000	73
578200000	70
578300000	79
578400000	65
578500000	68
578600000	61
578700000	67
578800000	98
578900000	71
579000000	65
579100000	66
579200000	83
579300000	67
579400000	53
579500000	57
579600000	59
579700000	59
579800000	85
579900000	65
580000000	58
580100000	72
580200000	74
580300000	60
580400000	69
580500000	57
580600000	80
580700000	79
580800000	88
580900000	74
581000000	60
581100000	73
581200000	76
581300000	60
581400000	64
581500000	71
581600000	63
581700000	58
581800000	66
581900000	72
582000000	73
582100000	72
582200000	65
582300000	61
582400000	80
582500000	53
582600000	70
582700000	90
582800000	61
582900000	82
583000000	66
583100000	72
583200000	77
583300000	82
583400000	56
583500000	53
583600000	65
583700000	68
583800000	59
583900000	60
584000000	52
584100000	75
584200000	55
584300000	56
584400000	58
584500000	62
584600000	66
584700000	53
584800000	46
584900000	69
585000000	54
585100000	70
585200000	60
585300000	65
585400000	61
585500000	66
585600000	63
585700000	62
585800000	67
585900000	63
586000000	58
586100000	71
586200000	59
586300000	73
586400000	65
586500000	71
586600000	50
586700000	68
586800000	66
586900000	62
587000000	54
587100000	60
587200000	65
587300000	68
587400000	80
587500000	56
587600000	64
587700000	56
587800000	52
587900000	55
588000000	61
588100000	78
588200000	70
588300000	67
588400000	63
588500000	59
588600000	56
588700000	57
588800000	60
588900000	59
589000000	48
589100000	65
589200000	72
589300000	46
589400000	60
589500000	57
589600000	68
589700000	71
589800000	71
589900000	59
590000000	61
590100000	44
590200000	63
590300000	60
590400000	53
590500000	60
590600000	59
590700000	64
590800000	57
590900000	56
591000000	49
591100000	72
591200000	73
591300000	64
591400000	51
591500000	83
591600000	46
591700000	61
591800000	50
591900000	59
592000000	71
592100000	68
592200000	59
592300000	65
592400000	75
592500000	49
592600000	65
592700000	59
592800000	61
592900000	66
593000000	48
593100000	61
593200000	58
593300000	39
593400000	62
593500000	52
593600000	63
593700000	52
593800000	68
593900000	55
594000000	51
594100000	58
594200000	49
594300000	51
594400000	71
594500000	47
594600000	59
594700000	51
594800000	70
594900000	56
595000000	54
595100000	66
595200000	70
595300000	62
595400000	54
595500000	64
595600000	53
595700000	72
595800000	60
595900000	49
596000000	50
596100000	65
596200000	49
596300000	51
596400000	56
596500000	64
596600000	65
596700000	57
596800000	45
596900000	52
597000000	53
597100000	61
597200000	61
597300000	64
597400000	65
597500000	55
597600000	53
597700000	55
597800000	67
597900000	47
598000000	79
598100000	55
598200000	58
598300000	72
598400000	57
598500000	54
598600000	62
598700000	67
598800000	48
598900000	68
599000000	37
599100000	52
599200000	51
599300000	57
599400000	56
599500000	51
599600000	51
599700000	55
599800000	46
599900000	64
600000000	49
600100000	58
600200000	56
600300000	54
600400000	59
600500000	59
600600000	75
600700000	50
600800000	43
600900000	48
601000000	54
601100000	56
601200000	65
601300000	55
601400000	57
601500000	59
601600000	61
601700000	54
601800000	53
601900000	68
602000000	49
602100000	54
602200000	54
602300000	72
602400000	58
602500000	61
602600000	73
602700000	62
602800000	68
602900000	73
603000000	74
603100000	55
603200000	70
603300000	74
603400000	64
603500000	68
603600000	63
603700000	66
603800000	64
603900000	64
604000000	67
604100000	90
604200000	79
604300000	77
604400000	90
604500000	74
604600000	97
604700000	94
604800000	74
604900000	80
605000000	91
605100000	90
605200000	101
605300000	109
605400000	89
605500000	96
605600000	110
605700000	109
605800000	112
605900000	103
606000000	117
606100000	140
606200000	109
606300000	110
606400000	130
606500000	99
606600000	131
606700000	118
606800000	115
606900000	138
607000000	130
607100000	142
607200000	166
607300000	146
607400000	135
607500000	140
607600000	137
607700000	160
607800000	160
607900000	147
608000000	156
608100000	156
608200000	166
608300000	170
608400000	154
608500000	152
608600000	185
608700000	181
608800000	176
608900000	188
609000000	177
609100000	189
609200000	201
609300000	208
609400000	179
609500000	190
609600000	226
609700000	202
609800000	244
609900000	210
610000000	206
610100000	226
610200000	269
610300000	231
610400000	232
610500000	267
610600000	218
610700000	234
610800000	221
610900000	242
611000000	217
611100000	241
611200000	252
611300000	270
611400000	251
611500000	231
611600000	251
611700000	245
611800000	257
611900000	297
612000000	267
612100000	272
612200000	263
612300000	249
612400000	277
612500000	300
612600000	268
612700000	270
612800000	291
612900000	286
613000000	288
613100000	297
613200000	306
613300000	288
613400000	279
613500000	297
613600000	311
613700000	305
613800000	305
613900000	303
614000000	349
614100000	333
614200000	335
614300000	310
614400000	349
614500000	335
614600000	353
614700000	326
614800000	382
614900000	364
615000000	341
615100000	345
615200000	355
615300000	310
615400000	347
615500000	401
615600000	350
615700000	359
615800000	404
615900000	385
616000000	384
616100000	426
616200000	391
616300000	395
616400000	381
616500000	410
616600000	395
616700000	428
616800000	424
616900000	401
617000000	413
617100000	434
617200000	401
617300000	400
617400000	418
617500000	419
617600000	437
617700000	433
617800000	466
617900000	422
618000000	447
618100000	443
618200000	468
618300000	473
618400000	456
618500000	480
618600000	437
618700000	460
618800000	466
618900000	419
619000000	465
619100000	466
619200000	490
619300000	524
619400000	503
619500000	459
619600000	501
619700000	499
619800000	522
619900000	502
620000000	497
620100000	488
620200000	484
620300000	466
620400000	514
620500000	499
620600000	571
620700000	517
620800000	509
620900000	540
621000000	549
621100000	500
621200000	516
621300000	519
621400000	552
621500000	533
621600000	548
621700000	536
621800000	565
621900000	583
622000000	561
622100000	538
622200000	580
622300000	546
622400000	596
622500000	566
622600000	599
622700000	563
622800000	588
622900000	560
623000000	567
623100000	622
623200000	582
623300000	607
623400000	578
623500000	568
623600000	605
623700000	601
623800000	627
623900000	660
624000000	593
624100000	641
624200000	658
624300000	640
624400000	635
624500000	632
624600000	685
624700000	598
624800000	583
624900000	661
625000000	671
625100000	599
625200000	625
625300000	618
625400000	657
625500000	646
625600000	664
625700000	655
625800000	666
625900000	621
626000000	679
626100000	640
626200000	696
626300000	662
626400000	669
626500000	699
626600000	653
626700000	685
626800000	725
626900000	633
627000000	705
627100000	667
627200000	722
627300000	676
627400000	664
627500000	694
627600000	704
627700000	711
627800000	666
627900000	726
628000000	754
628100000	687
628200000	763
628300000	697
628400000	694
628500000	739
628600000	725
628700000	717
628800000	759
628900000	750
629000000	729
629100000	702
629200000	708
629300000	751
629400000	723
629500000	733
629600000	724
629700000	731
629800000	781
629900000	776
630000000	745
630100000	678
630200000	755
630300000	702
630400000	779
630500000	801
630600000	759
630700000	776
630800000	852
630900000	712
631000000	753
631100000	771
631200000	739
631300000	701
631400000	827
631500000	744
631600000	768
631700000	797
631800000	791
631900000	764
632000000	811
632100000	810
632200000	791
632300000	839
632400000	753
632500000	825
632600000	788
632700000	781
632800000	796
632900000	908
633000000	798
633100000	790
633200000	788
633300000	831
633400000	820
633500000	855
633600000	802
633700000	881
633800000	855
633900000	859
634000000	877
634100000	848
634200000	830
634300000	824
634400000	884
634500000	844
634600000	817
634700000	847
634800000	848
634900000	817
635000000	796
635100000	853
635200000	903
635300000	883
635400000	822
635500000	852
635600000	841
635700000	889
635800000	854
635900000	886
636000000	896
636100000	900
636200000	859
636300000	862
636400000	848
636500000	899
636600000	912
636700000	911
636800000	896
636900000	917
637000000	933
637100000	939
637200000	910
637300000	895
637400000	934
637500000	924
637600000	920
637700000	905
637800000	940
637900000	968
638000000	902
638100000	936
638200000	912
638300000	927
638400000	929
638500000	929
638600000	927
638700000	980
638800000	922
638900000	931
639000000	912
639100000	1008
639200000	989
639300000	915
639400000	938
639500000	891
639600000	957
639700000	897
639800000	961
639900000	950
640000000	906
640100000	982
640200000	957
640300000	964
640400000	982
640500000	986
640600000	997
640700000	978
640800000	978
640900000	995
641000000	939
641100000	960
641200000	1002
641300000	995
641400000	978
641500000	990
641600000	957
641700000	958
641800000	1072
641900000	953
642000000	939
642100000	970
642200000	912
642300000	981
642400000	961
642500000	1021
642600000	1007
642700000	992
642800000	968
642900000	1013
643000000	990
643100000	1016
643200000	1014
643300000	980
643400000	1004
643500000	971
643600000	979
643700000	975
643800000	1058
643900000	1035
644000000	959
644100000	1106
644200000	1094
644300000	1010
644400000	1028
644500000	1149
644600000	989
644700000	1010
644800000	1107
644900000	1096
645000000	988
645100000	993
645200000	1062
645300000	1069
645400000	1022
645500000	1008
645600000	1036
645700000	1039
645800000	1119
645900000	1058
646000000	1056
646100000	1074
646200000	1051
646300000	1041
646400000	1061
646500000	1070
646600000	1056
646700000	1064
646800000	1063
646900000	1009
647000000	1028
647100000	1079
647200000	1053
647300000	1053
647400000	1091
647500000	1092
647600000	1046
647700000	1014
647800000	1090
647900000	1085
648000000	1057
648100000	1064
648200000	1120
648300000	1067
648400000	1107
648500000	1100
648600000	1081
648700000	1082
648800000	1076
648900000	1104
649000000	1111
649100000	1128
649200000	1058
649300000	1140
649400000	1084
649500000	1091
649600000	1077
649700000	1105
649800000	1107
649900000	1052
650000000	1068
650100000	1177
650200000	1122
650300000	1129
650400000	1094
650500000	1123
650600000	1158
650700000	1104
650800000	1156
650900000	1197
651000000	1186
651100000	1093
651200000	1184
651300000	1163
651400000	1147
651500000	1101
651600000	1187
651700000	1162
651800000	1154
651900000	1120
652000000	1183
652100000	1206
652200000	1165
652300000	1140
652400000	1101
652500000	1094
652600000	1125
652700000	1177
652800000	1161
652900000	1135
653000000	1121
653100000	1147
653200000	1145
653300000	1186
653400000	1179
653500000	1160
653600000	1182
653700000	1177
653800000	1196
653900000	1151
654000000	1180
654100000	1243
654200000	1215
654300000	1139
654400000	1193
654500000	1154
654600000	1246
654700000	1211
654800000	1231
654900000	1191
655000000	1267
655100000	1207
655200000	1248
655300000	1212
655400000	1090
655500000	1197
655600000	1185
655700000	1154
655800000	1174
655900000	1234
656000000	1171
656100000	1276
656200000	1194
656300000	1242
656400000	1212
656500000	1232
656600000	1181
656700000	1275
656800000	1204
656900000	1213
657000000	1258
657100000	1192
657200000	1186
657300000	1194
657400000	1236
657500000	1236
657600000	1185
657700000	1190
657800000	1204
657900000	1291
658000000	1255
658100000	1286
658200000	1249
658300000	1245
658400000	1203
658500000	1263
658600000	1190
658700000	1230
658800000	1244
658900000	1239
659000000	1268
659100000	1192
659200000	1228
659300000	1272
659400000	1251
659500000	1215
659600000	1262
659700000	1272
659800000	1308
659900000	1221
660000000	1275
660100000	1225
660200000	1282
660300000	1290
660400000	1201
660500000	1298
660600000	1272
660700000	1224
660800000	1216
660900000	1230
661000000	1187
661100000	1200
661200000	1291
661300000	1250
661400000	1224
661500000	1290
661600000	1229
661700000	1239
661800000	1219
661900000	1196
662000000	1260
662100000	1205
662200000	1230
662300000	1271
662400000	1349
662500000	1229
662600000	1244
662700000	1303
662800000	1272
662900000	1332
663000000	1261
663100000	1248
663200000	1250
663300000	1219
663400000	1304
663500000	1307
663600000	1306
663700000	1294
663800000	1222
663900000	1314
664000000	1285
664100000	1327
664200000	1200
664300000	1269
664400000	1276
664500000	1321
664600000	1359
664700000	1334
664800000	1296
664900000	1287
665000000	1296
665100000	1284
665200000	1275
665300000	1227
665400000	1280
665500000	1252
665600000	1304
665700000	1302
665800000	1294
665900000	1298
666000000	1276
666100000	1344
666200000	1339
666300000	1353
666400000	1303
666500000	1337
666600000	1334
666700000	1296
666800000	1343
666900000	1309
667000000	1363
667100000	1390
667200000	1296
667300000	1308
667400000	1295
667500000	1273
667600000	1295
667700000	1321
667800000	1379
667900000	1289
668000000	1244
668100000	1310
668200000	1313
668300000	1358
668400000	1346
668500000	1273
668600000	1365
668700000	1329
668800000	1365
668900000	1268
669000000	1271
669100000	1361
669200000	1258
669300000	1380
669400000	1331
669500000	1327
669600000	1373
669700000	1352
669800000	1356
669900000	1366
670000000	1360
670100000	1319
670200000	1341
670300000	1464
670400000	1356
670500000	1358
670600000	1366
670700000	1349
670800000	1369
670900000	1395
671000000	1412
671100000	1372
671200000	1299
671300000	1355
671400000	1401
671500000	1348
671600000	1300
671700000	1329
671800000	1344
671900000	1316
672000000	1384
672100000	1386
672200000	1289
672300000	1303
672400000	1436
672500000	1333
672600000	1340
672700000	1342
672800000	1387
672900000	1351
673000000	1402
673100000	1362
673200000	1382
673300000	1334
673400000	1352
673500000	1366
673600000	1370
673700000	1340
673800000	1388
673900000	1377
674000000	1416
674100000	1323
674200000	1399
674300000	1356
674400000	1402
674500000	1399
674600000	1401
674700000	1363
674800000	1417
674900000	1425
675000000	1357
675100000	1411
675200000	1415
675300000	1414
675400000	1269
675500000	1452
675600000	1362
675700000	1379
675800000	1342
675900000	1402
676000000	1384
676100000	1402
676200000	1433
676300000	1411
676400000	1363
676500000	1423
676600000	1424
676700000	1407
676800000	1367
676900000	1448
677000000	1362
677100000	1362
677200000	1397
677300000	1427
677400000	1431
677500000	1416
677600000	1458
677700000	1337
677800000	1409
677900000	1419
678000000	1471
678100000	1385
678200000	1484
678300000	1421
678400000	1460
678500000	1429
678600000	1365
678700000	1458
678800000	1444
678900000	1415
679000000	1388
679100000	1406
679200000	1505
679300000	1397
679400000	1479
679500000	1454
679600000	1429
679700000	1443
679800000	1430
679900000	1421
680000000	1469
680100000	1407
680200000	1367
680300000	1376
680400000	1520
680500000	1413
680600000	1418
680700000	1403
680800000	1440
680900000	1362
681000000	1414
681100000	1363
681200000	1399
681300000	1426
681400000	1409
681500000	1383
681600000	1405
681700000	1463
681800000	1432
681900000	1383
682000000	1417
682100000	1389
682200000	1471
682300000	1455
682400000	1418
682500000	1413
682600000	1401
682700000	1464
682800000	1416
682900000	1452
683000000	1470
683100000	1519
683200000	1444
683300000	1417
683400000	1444
683500000	1431
683600000	1416
683700000	1470
683800000	1433
683900000	1454
684000000	1405
684100000	1419
684200000	1465
684300000	1479
684400000	1388
684500000	1522
684600000	1535
684700000	1419
684800000	1441
684900000	1446
685000000	1427
685100000	1453
685200000	1447
685300000	1486
685400000	1466
685500000	1480
685600000	1454
685700000	1429
685800000	1529
685900000	1486
686000000	1458
686100000	1452
686200000	1521
686300000	1462
686400000	1523
686500000	1496
686600000	1468
686700000	1489
686800000	1427
686900000	1444
687000000	1457
687100000	1498
687200000	1458
687300000	1432
687400000	1471
687500000	1475
687600000	1529
687700000	1437
687800000	1499
687900000	1468
688000000	1491
688100000	1525
688200000	1494
688300000	1486
688400000	1525
688500000	1536
688600000	1562
688700000	1441
688800000	1519
688900000	1495
689000000	1415
689100000	1554
689200000	1438
689300000	1471
689400000	1513
689500000	1477
689600000	1391
689700000	1520
689800000	1508
689900000	1496
690000000	1418
690100000	1485
690200000	1486
690300000	1543
690400000	1511
690500000	1510
690600000	1511
690700000	1494
690800000	1448
690900000	1502
691000000	1416
691100000	1540
691200000	1500
691300000	1551
691400000	1482
691500000	1566
691600000	1476
691700000	1500
691800000	1476
691900000	1555
692000000	1485
692100000	1503
692200000	1471
692300000	1483
692400000	1541
692500000	1481
692600000	1416
692700000	1450
692800000	1557
692900000	1506
693000000	1443
693100000	1568
693200000	1509
693300000	1516
693400000	1498
693500000	1479
693600000	1460
693700000	1494
693800000	1495
693900000	1522
694000000	1509
694100000	1468
694200000	1490
694300000	1514
694400000	1556
694500000	1528
694600000	1575
694700000	1526
694800000	1457
694900000	1540
695000000	1502
695100000	1504
695200000	1545
695300000	1611
695400000	1550
695500000	1543
695600000	1531
695700000	1456
695800000	1488
695900000	1474
696000000	1494
696100000	1559
696200000	1558
696300000	1519
696400000	1520
696500000	1545
696600000	1569
696700000	1507
696800000	1549
696900000	1503
697000000	1463
697100000	1602
697200000	1573
697300000	1520
697400000	1620
697500000	1581
697600000	1468
697700000	1530
697800000	1577
697900000	1519
698000000	1533
698100000	1494
698200000	1511
698300000	1497
698400000	1533
698500000	1533
698600000	1504
698700000	1547
698800000	1545
698900000	1551
699000000	1521
699100000	1522
699200000	1486
699300000	1496
699400000	1551
699500000	1479
699600000	1483
699700000	1521
699800000	1520
699900000	1507
