"Time (ps)"	"Counts per bin"
0	1484
100000	1475
200000	1498
300000	1447
400000	1531
500000	1510
600000	1470
700000	1483
800000	1450
900000	1420
1000000	1426
1100000	1476
1200000	1362
1300000	1401
1400000	1404
1500000	1412
1600000	1400
1700000	1401
1800000	1398
1900000	1416
2000000	1346
2100000	1364
2200000	1368
2300000	1314
2400000	1377
2500000	1286
2600000	1389
2700000	1351
2800000	1304
2900000	1327
3000000	1366
3100000	1396
3200000	1301
3300000	1291
3400000	1345
3500000	1327
3600000	1291
3700000	1333
3800000	1259
3900000	1360
4000000	1307
4100000	1313
4200000	1269
4300000	1274
4400000	1395
4500000	1254
4600000	1238
4700000	1315
4800000	1306
4900000	1199
5000000	1282
5100000	1262
5200000	1314
5300000	1278
5400000	1221
5500000	1214
5600000	1152
5700000	1208
5800000	1256
5900000	1260
6000000	1235
6100000	1242
6200000	1226
6300000	1180
6400000	1189
6500000	1160
6600000	1253
6700000	1224
6800000	1181
6900000	1178
7000000	1085
7100000	1184
7200000	1133
7300000	1130
7400000	1130
7500000	1208
7600000	1206
7700000	1245
7800000	1191
7900000	1152
8000000	1134
8100000	1094
8200000	1181
8300000	1091
8400000	1149
8500000	1061
8600000	1134
8700000	1150
8800000	1142
8900000	1095
9000000	1091
9100000	1091
9200000	1120
9300000	1079
9400000	1121
9500000	1099
9600000	1137
9700000	1125
9800000	1083
9900000	1095
10000000	1123
10100000	1141
10200000	1086
10300000	1066
10400000	1109
10500000	1068
10600000	1027
10700000	1066
10800000	1084
10900000	1045
11000000	1121
11100000	1047
11200000	1053
11300000	1057
11400000	1024
11500000	971
11600000	1045
11700000	1004
11800000	1022
11900000	1007
12000000	1015
12100000	991
12200000	1054
12300000	1076
12400000	1052
12500000	1022
12600000	1036
12700000	997
12800000	1043
12900000	992
13000000	997
13100000	985
13200000	1000
13300000	1011
13400000	1005
13500000	949
13600000	1027
13700000	992
13800000	966
13900000	950
14000000	976
14100000	996
14200000	1000
14300000	939
14400000	943
14500000	1004
14600000	1008
14700000	965
14800000	983
14900000	949
15000000	918
15100000	1032
15200000	956
15300000	917
15400000	922
15500000	949
15600000	936
15700000	927
15800000	913
15900000	890
16000000	921
16100000	977
16200000	899
16300000	968
16400000	964
16500000	959
16600000	944
16700000	946
16800000	916
16900000	917
17000000	909
17100000	896
17200000	913
17300000	873
17400000	878
17500000	921
17600000	884
17700000	881
17800000	945
17900000	903
18000000	920
18100000	890
18200000	872
18300000	929
18400000	930
18500000	904
18600000	880
18700000	878
18800000	896
18900000	884
19000000	840
19100000	894
19200000	942
19300000	870
19400000	865
19500000	875
19600000	911
19700000	906
19800000	830
19900000	813
20000000	891
20100000	825
20200000	853
20300000	825
20400000	907
20500000	839
20600000	798
20700000	799
20800000	835
20900000	814
21000000	808
21100000	823
21200000	841
21300000	791
21400000	847
21500000	804
21600000	850
21700000	850
21800000	851
21900000	848
22000000	795
22100000	771
22200000	866
22300000	809
22400000	812
22500000	796
22600000	839
22700000	781
22800000	763
22900000	782
23000000	785
23100000	837
23200000	793
23300000	856
23400000	831
23500000	857
23600000	787
23700000	795
23800000	807
23900000	819
24000000	790
24100000	780
24200000	770
24300000	812
24400000	777
24500000	809
24600000	768
24700000	775
24800000	811
24900000	752
25000000	791
25100000	764
25200000	838
25300000	772
25400000	751
25500000	731
25600000	801
25700000	756
25800000	752
25900000	775
26000000	757
26100000	763
26200000	755
26300000	779
26400000	821
26500000	750
26600000	776
26700000	744
26800000	759
26900000	743
27000000	803
27100000	736
27200000	750
27300000	746
27400000	743
27500000	757
27600000	700
27700000	740
27800000	742
27900000	686
28000000	731
28100000	710
28200000	717
28300000	768
28400000	713
28500000	738
28600000	726
28700000	747
28800000	740
28900000	703
29000000	677
29100000	756
29200000	717
29300000	765
29400000	712
29500000	698
29600000	724
29700000	668
29800000	751
29900000	683
30000000	751
30100000	719
30200000	731
30300000	700
30400000	745
30500000	707
30600000	723
30700000	670
30800000	729
30900000	682
31000000	712
31100000	697
31200000	730
31300000	722
31400000	689
31500000	683
31600000	717
31700000	645
31800000	664
31900000	702
32000000	714
32100000	712
32200000	696
32300000	666
32400000	700
32500000	659
32600000	635
32700000	630
32800000	654
32900000	653
33000000	615
33100000	619
33200000	665
33300000	630
33400000	668
33500000	677
33600000	658
33700000	662
33800000	615
33900000	681
34000000	704
34100000	592
34200000	661
34300000	688
34400000	670
34500000	665
34600000	625
34700000	678
34800000	647
34900000	650
35000000	663
35100000	634
35200000	636
35300000	691
35400000	688
35500000	606
35600000	656
35700000	679
35800000	663
35900000	628
36000000	621
36100000	640
36200000	638
36300000	640
36400000	660
36500000	612
36600000	624
36700000	669
36800000	659
36900000	628
37000000	581
37100000	642
37200000	612
37300000	603
37400000	592
37500000	650
37600000	605
37700000	639
37800000	607
37900000	584
38000000	594
38100000	640
38200000	654
38300000	612
38400000	626
38500000	605
38600000	618
38700000	585
38800000	606
38900000	629
39000000	615
39100000	601
39200000	649
39300000	610
39400000	595
39500000	618
39600000	633
39700000	580
39800000	599
39900000	598
40000000	603
40100000	570
40200000	595
40300000	601
40400000	584
40500000	627
40600000	557
40700000	594
40800000	611
40900000	576
41000000	589
41100000	549
41200000	591
41300000	601
41400000	540
41500000	611
41600000	613
41700000	598
41800000	578
41900000	513
42000000	590
42100000	575
42200000	593
42300000	587
42400000	564
42500000	537
42600000	585
42700000	556
42800000	532
42900000	539
43000000	571
43100000	557
43200000	543
43300000	553
43400000	546
43500000	559
43600000	568
43700000	578
43800000	574
43900000	590
44000000	545
44100000	530
44200000	541
44300000	543
44400000	563
44500000	593
44600000	552
44700000	586
44800000	515
44900000	553
45000000	561
45100000	556
45200000	548
45300000	545
45400000	551
45500000	492
45600000	512
45700000	553
45800000	544
45900000	497
46000000	544
46100000	544
46200000	579
46300000	522
46400000	572
46500000	594
46600000	552
46700000	541
46800000	533
46900000	507
47000000	506
47100000	494
47200000	540
47300000	508
47400000	575
47500000	526
47600000	533
47700000	502
47800000	491
47900000	498
48000000	592
48100000	551
48200000	535
48300000	525
48400000	526
48500000	498
48600000	493
48700000	524
48800000	494
48900000	464
49000000	546
49100000	537
49200000	496
49300000	557
49400000	480
49500000	541
49600000	493
49700000	496
49800000	469
49900000	497
50000000	552
50100000	524
50200000	498
50300000	508
50400000	522
50500000	512
50600000	460
50700000	502
50800000	501
50900000	489
51000000	495
51100000	532
51200000	463
51300000	526
51400000	497
51500000	430
51600000	500
51700000	516
51800000	520
51900000	513
52000000	489
52100000	468
52200000	513
52300000	492
52400000	510
52500000	486
52600000	499
52700000	559
52800000	447
52900000	491
53000000	464
53100000	468
53200000	473
53300000	491
53400000	482
53500000	473
53600000	452
53700000	458
53800000	473
53900000	447
54000000	509
54100000	454
54200000	470
54300000	437
54400000	473
54500000	468
54600000	445
54700000	462
54800000	460
54900000	420
55000000	411
55100000	478
55200000	475
55300000	439
55400000	466
55500000	466
55600000	429
55700000	466
55800000	449
55900000	468
56000000	478
56100000	457
56200000	457
56300000	456
56400000	443
56500000	459
56600000	455
56700000	459
56800000	450
56900000	466
57000000	475
57100000	462
57200000	436
57300000	451
57400000	479
57500000	536
57600000	448
57700000	462
57800000	438
57900000	502
58000000	450
58100000	427
58200000	454
58300000	464
58400000	436
58500000	459
58600000	473
58700000	483
58800000	444
58900000	449
59000000	461
59100000	426
59200000	452
59300000	444
59400000	430
59500000	433
59600000	404
59700000	408
59800000	439
59900000	433
60000000	418
60100000	423
60200000	454
60300000	434
60400000	428
60500000	455
60600000	414
60700000	448
60800000	441
60900000	461
61000000	480
61100000	404
61200000	390
61300000	484
61400000	479
61500000	409
61600000	406
61700000	426
61800000	453
61900000	434
62000000	438
62100000	401
62200000	420
62300000	395
62400000	388
62500000	426
62600000	438
62700000	441
62800000	400
62900000	424
63000000	406
63100000	435
63200000	408
63300000	421
63400000	406
63500000	410
63600000	419
63700000	400
63800000	423
63900000	400
64000000	421
64100000	445
64200000	426
64300000	401
64400000	424
64500000	378
64600000	413
64700000	396
64800000	370
64900000	414
65000000	419
65100000	426
65200000	389
65300000	434
65400000	375
65500000	407
65600000	387
65700000	394
65800000	393
65900000	427
66000000	408
66100000	414
66200000	388
66300000	410
66400000	390
66500000	386
66600000	422
66700000	401
66800000	394
66900000	431
67000000	420
67100000	426
67200000	408
67300000	414
67400000	372
67500000	382
67600000	411
67700000	377
67800000	396
67900000	380
68000000	406
68100000	385
68200000	413
68300000	420
68400000	378
68500000	379
68600000	394
68700000	387
68800000	408
68900000	382
69000000	382
69100000	400
69200000	400
69300000	389
69400000	383
69500000	380
69600000	347
69700000	414
69800000	372
69900000	338
70000000	387
70100000	391
70200000	388
70300000	365
70400000	366
70500000	397
70600000	349
70700000	381
70800000	350
70900000	326
71000000	363
71100000	413
71200000	342
71300000	352
71400000	372
71500000	373
71600000	357
71700000	398
71800000	378
71900000	378
72000000	373
72100000	365
72200000	350
72300000	343
72400000	371
72500000	352
72600000	360
72700000	358
72800000	399
72900000	380
73000000	360
73100000	368
73200000	342
73300000	349
73400000	352
73500000	342
73600000	368
73700000	370
73800000	363
73900000	364
74000000	382
74100000	342
74200000	363
74300000	323
74400000	325
74500000	356
74600000	361
74700000	320
74800000	319
74900000	370
75000000	337
75100000	359
75200000	369
75300000	357
75400000	335
75500000	356
75600000	334
75700000	339
75800000	351
75900000	343
76000000	350
76100000	342
76200000	371
76300000	352
76400000	374
76500000	365
76600000	363
76700000	356
76800000	340
76900000	380
77000000	352
77100000	337
77200000	348
77300000	340
77400000	347
77500000	346
77600000	333
77700000	322
77800000	357
77900000	317
78000000	329
78100000	317
78200000	320
78300000	328
78400000	333
78500000	341
78600000	335
78700000	317
78800000	303
78900000	327
79000000	379
79100000	309
79200000	334
79300000	333
79400000	342
79500000	334
79600000	355
79700000	336
79800000	347
79900000	312
80000000	334
80100000	352
80200000	336
80300000	349
80400000	372
80500000	343
80600000	318
80700000	315
80800000	327
80900000	336
81000000	316
81100000	321
81200000	318
81300000	330
81400000	333
81500000	328
81600000	311
81700000	332
81800000	306
81900000	330
82000000	324
82100000	315
82200000	339
82300000	338
82400000	318
82500000	329
82600000	317
82700000	339
82800000	315
82900000	335
83000000	329
83100000	326
83200000	294
83300000	305
83400000	345
83500000	310
83600000	277
83700000	315
83800000	314
83900000	300
84000000	300
84100000	336
84200000	292
84300000	337
84400000	302
84500000	305
84600000	346
84700000	321
84800000	306
84900000	310
85000000	308
85100000	331
85200000	301
85300000	303
85400000	313
85500000	314
85600000	320
85700000	331
85800000	304
85900000	300
86000000	319
86100000	323
86200000	303
86300000	290
86400000	305
86500000	318
86600000	285
86700000	341
86800000	289
86900000	335
87000000	312
87100000	287
87200000	307
87300000	332
87400000	310
87500000	284
87600000	305
87700000	322
87800000	290
87900000	271
88000000	300
88100000	288
88200000	298
88300000	279
88400000	314
88500000	305
88600000	289
88700000	287
88800000	252
88900000	289
89000000	298
89100000	292
89200000	307
89300000	316
89400000	276
89500000	309
89600000	299
89700000	304
89800000	278
89900000	300
90000000	283
90100000	287
90200000	253
90300000	276
90400000	297
90500000	288
90600000	270
90700000	276
90800000	267
90900000	269
91000000	304
91100000	268
91200000	281
91300000	281
91400000	290
91500000	265
91600000	307
91700000	280
91800000	276
91900000	292
92000000	264
92100000	282
92200000	286
92300000	277
92400000	285
92500000	277
92600000	296
92700000	296
92800000	258
92900000	239
93000000	260
93100000	274
93200000	233
93300000	286
93400000	278
93500000	303
93600000	283
93700000	293
93800000	278
93900000	263
94000000	250
94100000	251
94200000	278
94300000	287
94400000	259
94500000	273
94600000	281
94700000	281
94800000	266
94900000	264
95000000	265
95100000	281
95200000	309
95300000	278
95400000	284
95500000	298
95600000	299
95700000	250
95800000	297
95900000	292
96000000	267
96100000	281
96200000	265
96300000	259
96400000	276
96500000	283
96600000	256
96700000	250
96800000	270
96900000	280
97000000	275
97100000	293
97200000	257
97300000	251
97400000	262
97500000	275
97600000	249
97700000	287
97800000	245
97900000	297
98000000	289
98100000	271
98200000	240
98300000	264
98400000	260
98500000	236
98600000	275
98700000	291
98800000	315
98900000	257
99000000	262
99100000	245
99200000	275
99300000	278
99400000	250
99500000	263
99600000	246
99700000	232
99800000	269
99900000	278
100000000	270
100100000	245
100200000	253
100300000	224
100400000	228
100500000	226
100600000	242
100700000	250
100800000	272
100900000	242
101000000	280
101100000	262
101200000	277
101300000	234
101400000	267
101500000	256
101600000	277
101700000	234
101800000	229
101900000	245
102000000	243
102100000	263
102200000	230
102300000	244
102400000	257
102500000	270
102600000	254
102700000	271
102800000	271
102900000	276
103000000	237
103100000	253
103200000	251
103300000	244
103400000	250
103500000	227
103600000	220
103700000	263
103800000	258
103900000	237
104000000	267
104100000	261
104200000	249
104300000	263
104400000	257
104500000	263
104600000	228
104700000	239
104800000	243
104900000	240
105000000	269
105100000	229
105200000	250
105300000	259
105400000	273
105500000	221
105600000	265
105700000	261
105800000	254
105900000	216
106000000	239
106100000	236
106200000	216
106300000	225
106400000	257
106500000	250
106600000	237
106700000	222
106800000	231
106900000	235
107000000	239
107100000	255
107200000	227
107300000	224
107400000	268
107500000	224
107600000	268
107700000	217
107800000	247
107900000	253
108000000	240
108100000	256
108200000	249
108300000	244
108400000	261
108500000	225
108600000	252
108700000	266
108800000	229
108900000	256
109000000	205
109100000	262
109200000	204
109300000	213
109400000	226
109500000	249
109600000	239
109700000	230
109800000	228
109900000	211
110000000	248
110100000	228
110200000	254
110300000	228
110400000	254
110500000	212
110600000	222
110700000	212
110800000	236
110900000	206
111000000	205
111100000	243
111200000	236
111300000	242
111400000	210
111500000	228
111600000	246
111700000	210
111800000	234
111900000	200
112000000	237
112100000	212
112200000	221
112300000	193
112400000	206
112500000	224
112600000	219
112700000	221
112800000	190
112900000	232
113000000	220
113100000	202
113200000	195
113300000	248
113400000	226
113500000	202
113600000	226
113700000	206
113800000	212
113900000	218
114000000	208
114100000	261
114200000	221
114300000	192
114400000	223
114500000	214
114600000	190
114700000	213
114800000	199
114900000	218
115000000	197
115100000	197
115200000	198
115300000	215
115400000	187
115500000	226
115600000	164
115700000	212
115800000	207
115900000	196
116000000	218
116100000	204
116200000	197
116300000	231
116400000	207
116500000	198
116600000	235
116700000	200
116800000	206
116900000	215
117000000	198
117100000	210
117200000	216
117300000	210
117400000	197
117500000	199
117600000	214
117700000	174
117800000	233
117900000	229
118000000	192
118100000	219
118200000	204
118300000	184
118400000	232
118500000	212
118600000	199
118700000	184
118800000	192
118900000	199
119000000	204
119100000	229
119200000	209
119300000	195
119400000	184
119500000	203
119600000	202
119700000	194
119800000	210
119900000	206
120000000	230
120100000	209
120200000	205
120300000	200
120400000	225
120500000	216
120600000	216
120700000	185
120800000	198
120900000	218
121000000	189
121100000	184
121200000	194
121300000	225
121400000	206
121500000	187
121600000	190
121700000	176
121800000	218
121900000	188
122000000	184
122100000	200
122200000	197
122300000	203
122400000	183
122500000	186
122600000	190
122700000	178
122800000	206
122900000	196
123000000	175
123100000	213
123200000	210
123300000	162
123400000	205
123500000	192
123600000	173
123700000	189
123800000	189
123900000	192
124000000	181
124100000	180
124200000	201
124300000	194
124400000	206
124500000	195
124600000	169
124700000	192
124800000	200
124900000	194
125000000	179
125100000	207
125200000	188
125300000	187
125400000	205
125500000	203
125600000	200
125700000	164
125800000	186
125900000	201
126000000	199
126100000	200
126200000	209
126300000	210
126400000	189
126500000	183
126600000	184
126700000	202
126800000	182
126900000	181
127000000	183
127100000	189
127200000	220
127300000	193
127400000	205
127500000	196
127600000	184
127700000	214
127800000	174
127900000	198
128000000	181
128100000	229
128200000	186
128300000	171
128400000	176
128500000	148
128600000	174
128700000	188
128800000	192
128900000	189
129000000	193
129100000	213
129200000	172
129300000	194
129400000	195
129500000	190
129600000	192
129700000	176
129800000	170
129900000	195
130000000	167
130100000	164
130200000	176
130300000	156
130400000	188
130500000	157
130600000	175
130700000	175
130800000	163
130900000	159
131000000	170
131100000	187
131200000	165
131300000	180
131400000	176
131500000	168
131600000	169
131700000	175
131800000	178
131900000	176
132000000	185
132100000	177
132200000	172
132300000	180
132400000	166
132500000	182
132600000	177
132700000	181
132800000	189
132900000	180
133000000	139
133100000	168
133200000	165
133300000	172
133400000	159
133500000	184
133600000	180
133700000	163
133800000	177
133900000	163
134000000	176
134100000	164
134200000	182
134300000	166
134400000	164
134500000	160
134600000	176
134700000	170
134800000	180
134900000	171
135000000	180
135100000	171
135200000	164
135300000	180
135400000	162
135500000	164
135600000	187
135700000	194
135800000	175
135900000	150
136000000	212
136100000	166
136200000	167
136300000	165
136400000	173
136500000	162
136600000	156
136700000	165
136800000	162
136900000	184
137000000	133
137100000	193
137200000	156
137300000	152
137400000	173
137500000	156
137600000	168
137700000	151
137800000	162
137900000	163
138000000	173
138100000	177
138200000	162
138300000	163
138400000	165
138500000	189
138600000	163
138700000	158
138800000	179
138900000	194
139000000	165
139100000	153
139200000	170
139300000	155
139400000	135
139500000	158
139600000	174
139700000	139
139800000	163
139900000	163
140000000	168
140100000	153
140200000	136
140300000	153
140400000	153
140500000	171
140600000	158
140700000	163
140800000	179
140900000	171
141000000	175
141100000	155
141200000	132
141300000	156
141400000	171
141500000	136
141600000	149
141700000	150
141800000	150
141900000	169
142000000	167
142100000	173
142200000	130
142300000	164
142400000	138
142500000	158
142600000	171
142700000	135
142800000	158
142900000	158
143000000	141
143100000	174
143200000	160
143300000	163
143400000	163
143500000	132
143600000	170
143700000	161
143800000	159
143900000	174
144000000	140
144100000	148
144200000	160
144300000	160
144400000	123
144500000	154
144600000	140
144700000	156
144800000	152
144900000	153
145000000	153
145100000	153
145200000	146
145300000	146
145400000	148
145500000	134
145600000	155
145700000	168
145800000	158
145900000	159
146000000	189
146100000	145
146200000	141
146300000	144
146400000	122
146500000	148
146600000	136
146700000	139
146800000	148
146900000	138
147000000	162
147100000	165
147200000	144
147300000	142
147400000	139
147500000	151
147600000	144
147700000	142
147800000	166
147900000	149
148000000	144
148100000	177
148200000	145
148300000	144
148400000	148
148500000	162
148600000	149
148700000	155
148800000	142
148900000	148
149000000	153
149100000	159
149200000	134
149300000	147
149400000	159
149500000	150
149600000	163
149700000	135
149800000	160
149900000	140
150000000	138
150100000	145
150200000	153
150300000	144
150400000	174
150500000	151
150600000	143
150700000	135
150800000	145
150900000	137
151000000	170
151100000	139
151200000	127
151300000	152
151400000	157
151500000	155
151600000	156
151700000	139
151800000	141
151900000	129
152000000	151
152100000	143
152200000	127
152300000	150
152400000	144
152500000	144
152600000	144
152700000	139
152800000	134
152900000	141
153000000	141
153100000	153
153200000	167
153300000	165
153400000	150
153500000	127
153600000	135
153700000	122
153800000	123
153900000	161
154000000	145
154100000	151
154200000	143
154300000	140
154400000	128
154500000	129
154600000	128
154700000	134
154800000	127
154900000	133
155000000	146
155100000	160
155200000	128
155300000	143
155400000	117
155500000	141
155600000	135
155700000	133
155800000	148
155900000	137
156000000	135
156100000	134
156200000	121
156300000	145
156400000	134
156500000	136
156600000	132
156700000	140
156800000	114
156900000	111
157000000	136
157100000	117
157200000	145
157300000	123
157400000	133
157500000	131
157600000	128
157700000	136
157800000	137
157900000	138
158000000	124
158100000	126
158200000	131
158300000	159
158400000	142
158500000	133
158600000	138
158700000	135
158800000	133
158900000	138
159000000	154
159100000	114
159200000	122
159300000	132
159400000	119
159500000	143
159600000	141
159700000	125
159800000	101
159900000	125
160000000	113
160100000	130
160200000	136
160300000	117
160400000	118
160500000	155
160600000	132
160700000	140
160800000	148
160900000	142
161000000	130
161100000	125
161200000	144
161300000	154
161400000	145
161500000	124
161600000	128
161700000	127
161800000	135
161900000	146
162000000	120
162100000	126
162200000	121
162300000	121
162400000	126
162500000	126
162600000	125
162700000	106
162800000	119
162900000	137
163000000	113
163100000	125
163200000	124
163300000	114
163400000	90
163500000	132
163600000	122
163700000	130
163800000	128
163900000	115
164000000	113
164100000	131
164200000	114
164300000	122
164400000	121
164500000	151
164600000	132
164700000	131
164800000	108
164900000	129
165000000	108
165100000	126
165200000	131
165300000	119
165400000	117
165500000	118
165600000	135
165700000	135
165800000	138
165900000	124
166000000	125
166100000	109
166200000	131
166300000	120
166400000	115
166500000	105
166600000	105
166700000	127
166800000	127
166900000	148
167000000	107
167100000	132
167200000	109
167300000	115
167400000	125
167500000	114
167600000	118
167700000	111
167800000	126
167900000	125
168000000	115
168100000	138
168200000	112
168300000	110
168400000	141
168500000	114
168600000	104
168700000	125
168800000	115
168900000	119
169000000	121
169100000	106
169200000	141
169300000	124
169400000	117
169500000	114
169600000	114
169700000	137
169800000	146
169900000	125
170000000	121
170100000	110
170200000	133
170300000	115
170400000	126
170500000	111
170600000	100
170700000	111
170800000	123
170900000	113
171000000	132
171100000	110
171200000	96
171300000	104
171400000	131
171500000	144
171600000	111
171700000	101
171800000	116
171900000	124
172000000	107
172100000	130
172200000	111
172300000	102
172400000	86
172500000	124
172600000	115
172700000	109
172800000	107
172900000	112
173000000	111
173100000	108
173200000	109
173300000	117
173400000	118
173500000	105
173600000	117
173700000	102
173800000	101
173900000	99
174000000	107
174100000	110
174200000	98
174300000	108
174400000	116
174500000	113
174600000	109
174700000	114
174800000	128
174900000	121
175000000	115
175100000	111
175200000	114
175300000	110
175400000	86
175500000	100
175600000	104
175700000	79
175800000	114
175900000	119
176000000	123
176100000	105
176200000	116
176300000	109
176400000	88
176500000	111
176600000	115
176700000	110
176800000	90
176900000	121
177000000	111
177100000	104
177200000	111
177300000	123
177400000	107
177500000	114
177600000	108
177700000	111
177800000	92
177900000	109
178000000	102
178100000	95
178200000	107
178300000	104
178400000	132
178500000	96
178600000	115
178700000	113
178800000	111
178900000	111
179000000	102
179100000	120
179200000	118
179300000	94
179400000	89
179500000	97
179600000	102
179700000	122
179800000	109
179900000	113
180000000	116
180100000	121
180200000	123
180300000	102
180400000	106
180500000	101
180600000	103
180700000	102
180800000	98
180900000	94
181000000	106
181100000	109
181200000	99
181300000	100
181400000	106
181500000	119
181600000	94
181700000	104
181800000	112
181900000	98
182000000	99
182100000	98
182200000	131
182300000	100
182400000	107
182500000	96
182600000	102
182700000	109
182800000	106
182900000	97
183000000	95
183100000	99
183200000	102
183300000	102
183400000	109
183500000	88
183600000	98
183700000	111
183800000	112
183900000	85
184000000	104
184100000	77
184200000	99
184300000	95
184400000	95
184500000	120
184600000	85
184700000	96
184800000	104
184900000	107
185000000	85
185100000	97
185200000	112
185300000	103
185400000	96
185500000	99
185600000	90
185700000	115
185800000	102
185900000	103
186000000	108
186100000	102
186200000	106
186300000	104
186400000	121
186500000	93
186600000	107
186700000	86
186800000	115
186900000	104
187000000	91
187100000	89
187200000	111
187300000	95
187400000	99
187500000	119
187600000	109
187700000	89
187800000	92
187900000	103
188000000	110
188100000	89
188200000	81
188300000	102
188400000	92
188500000	81
188600000	108
188700000	102
188800000	87
188900000	99
189000000	92
189100000	100
189200000	102
189300000	85
189400000	97
189500000	99
189600000	83
189700000	119
189800000	84
189900000	92
190000000	73
190100000	90
190200000	92
190300000	77
190400000	91
190500000	90
190600000	101
190700000	101
190800000	94
190900000	93
191000000	122
191100000	107
191200000	101
191300000	105
191400000	105
191500000	104
191600000	101
191700000	87
191800000	104
191900000	86
192000000	90
192100000	92
192200000	88
192300000	101
192400000	81
192500000	90
192600000	89
192700000	95
192800000	114
192900000	102
193000000	98
193100000	97
193200000	88
193300000	85
193400000	105
193500000	92
193600000	93
193700000	84
193800000	96
193900000	93
194000000	83
194100000	88
194200000	86
194300000	94
194400000	108
194500000	89
194600000	95
194700000	86
194800000	85
194900000	75
195000000	83
195100000	85
195200000	89
195300000	82
195400000	84
195500000	85
195600000	106
195700000	90
195800000	90
195900000	88
196000000	98
196100000	84
196200000	102
196300000	90
196400000	85
196500000	69
196600000	81
196700000	82
196800000	96
196900000	106
197000000	75
197100000	88
197200000	80
197300000	93
197400000	94
197500000	100
197600000	94
197700000	94
197800000	88
197900000	92
198000000	97
198100000	88
198200000	96
198300000	87
198400000	105
198500000	81
198600000	84
198700000	83
198800000	106
198900000	82
199000000	75
199100000	82
199200000	79
199300000	93
199400000	83
199500000	92
199600000	95
199700000	80
199800000	77
199900000	80
200000000	82
200100000	80
200200000	74
200300000	71
200400000	85
200500000	92
200600000	92
200700000	97
200800000	109
200900000	84
201000000	113
201100000	114
201200000	142
201300000	132
201400000	146
201500000	134
201600000	153
201700000	174
201800000	197
201900000	206
202000000	230
202100000	246
202200000	267
202300000	252
202400000	264
202500000	252
202600000	301
202700000	293
202800000	275
202900000	301
203000000	317
203100000	333
203200000	355
203300000	330
203400000	372
203500000	372
203600000	363
203700000	376
203800000	359
203900000	375
204000000	390
204100000	420
204200000	396
204300000	421
204400000	446
204500000	426
204600000	401
204700000	437
204800000	453
204900000	469
205000000	454
205100000	469
205200000	451
205300000	478
205400000	458
205500000	511
205600000	432
205700000	482
205800000	494
205900000	552
206000000	538
206100000	532
206200000	547
206300000	523
206400000	561
206500000	573
206600000	562
206700000	575
206800000	547
206900000	561
207000000	571
207100000	596
207200000	556
207300000	573
207400000	599
207500000	584
207600000	556
207700000	621
207800000	621
207900000	592
208000000	599
208100000	602
208200000	614
208300000	621
208400000	577
208500000	647
208600000	610
208700000	652
208800000	653
208900000	665
209000000	652
209100000	640
209200000	647
209300000	619
209400000	667
209500000	640
209600000	654
209700000	673
209800000	679
209900000	712
210000000	710
210100000	702
210200000	739
210300000	692
210400000	719
210500000	708
210600000	742
210700000	674
210800000	717
210900000	722
211000000	758
211100000	674
211200000	750
211300000	673
211400000	698
211500000	686
211600000	725
211700000	753
211800000	745
211900000	744
212000000	713
212100000	718
212200000	769
212300000	771
212400000	791
212500000	773
212600000	727
212700000	792
212800000	790
212900000	814
213000000	739
213100000	763
213200000	843
213300000	752
213400000	794
213500000	788
213600000	823
213700000	755
213800000	794
213900000	792
214000000	804
214100000	781
214200000	752
214300000	797
214400000	808
214500000	732
214600000	798
214700000	828
214800000	807
214900000	831
215000000	773
215100000	815
215200000	785
215300000	847
215400000	784
215500000	867
215600000	838
215700000	862
215800000	867
215900000	818
216000000	851
216100000	812
216200000	830
216300000	884
216400000	813
216500000	809
216600000	835
216700000	836
216800000	819
216900000	909
217000000	878
217100000	826
217200000	862
217300000	878
217400000	830
217500000	829
217600000	880
217700000	860
217800000	915
217900000	855
218000000	925
218100000	893
218200000	891
218300000	891
218400000	867
218500000	860
218600000	923
218700000	923
218800000	912
218900000	868
219000000	840
219100000	873
219200000	897
219300000	910
219400000	906
219500000	912
219600000	931
219700000	911
219800000	891
219900000	935
220000000	841
220100000	968
220200000	937
220300000	916
220400000	885
220500000	931
220600000	953
220700000	920
220800000	957
220900000	899
221000000	981
221100000	952
221200000	904
221300000	968
221400000	987
221500000	942
221600000	944
221700000	970
221800000	936
221900000	987
222000000	976
222100000	993
222200000	965
222300000	999
222400000	990
222500000	1007
222600000	933
222700000	992
222800000	951
222900000	903
223000000	995
223100000	1009
223200000	991
223300000	1003
223400000	989
223500000	884
223600000	960
223700000	934
223800000	1046
223900000	982
224000000	999
224100000	986
224200000	996
224300000	1003
224400000	984
224500000	943
224600000	1034
224700000	969
224800000	965
224900000	1036
225000000	979
225100000	961
225200000	996
225300000	950
225400000	992
225500000	1061
225600000	1054
225700000	1050
225800000	1038
225900000	974
226000000	1028
226100000	1071
226200000	1007
226300000	1069
226400000	948
226500000	1010
226600000	984
226700000	1050
226800000	1017
226900000	1057
227000000	973
227100000	1025
227200000	1072
227300000	1007
227400000	1072
227500000	1060
227600000	1006
227700000	1086
227800000	992
227900000	1027
228000000	1039
228100000	1043
228200000	1090
228300000	1082
228400000	1091
228500000	1067
228600000	1050
228700000	1063
228800000	1065
228900000	1022
229000000	1096
229100000	1040
229200000	1044
229300000	1006
229400000	1031
229500000	1045
229600000	1082
229700000	1055
229800000	1079
229900000	1071
230000000	1058
230100000	1060
230200000	1082
230300000	1096
230400000	1081
230500000	1088
230600000	1135
230700000	1066
230800000	1071
230900000	1124
231000000	1028
231100000	1100
231200000	1055
231300000	1049
231400000	1072
231500000	1036
231600000	1097
231700000	1044
231800000	1081
231900000	1082
232000000	1061
232100000	1031
232200000	1072
232300000	1121
232400000	1049
232500000	1082
232600000	1150
232700000	1130
232800000	1103
232900000	1072
233000000	1118
233100000	1118
233200000	1154
233300000	1056
233400000	1125
233500000	1100
233600000	1023
233700000	1144
233800000	1081
233900000	1064
234000000	1163
234100000	1092
234200000	1094
234300000	1113
234400000	1130
234500000	1171
234600000	1074
234700000	1063
234800000	1119
234900000	1157
235000000	1078
235100000	1117
235200000	1112
235300000	1145
235400000	1129
235500000	1092
235600000	1123
235700000	1155
235800000	1112
235900000	1062
236000000	1088
236100000	1084
236200000	1152
236300000	1159
236400000	1147
236500000	1131
236600000	1067
236700000	1124
236800000	1156
236900000	1173
237000000	1123
237100000	1122
237200000	1083
237300000	1127
237400000	1137
237500000	1101
237600000	1198
237700000	1179
237800000	1122
237900000	1205
238000000	1161
238100000	1209
238200000	1163
238300000	1078
238400000	1147
238500000	1113
238600000	1190
238700000	1118
238800000	1175
238900000	1144
239000000	1146
239100000	1120
239200000	1117
239300000	1143
239400000	1124
239500000	1202
239600000	1163
239700000	1163
239800000	1201
239900000	1220
240000000	1139
240100000	1148
240200000	1168
240300000	1173
240400000	1153
240500000	1220
240600000	1167
240700000	1193
240800000	1136
240900000	1221
241000000	1107
241100000	1183
241200000	1159
241300000	1228
241400000	1208
241500000	1231
241600000	1156
241700000	1143
241800000	1201
241900000	1182
242000000	1136
242100000	1159
242200000	1200
242300000	1205
242400000	1137
242500000	1159
242600000	1181
242700000	1213
242800000	1212
242900000	1125
243000000	1178
243100000	1195
243200000	1221
243300000	1189
243400000	1156
243500000	1186
243600000	1155
243700000	1198
243800000	1239
243900000	1206
244000000	1136
244100000	1178
244200000	1156
244300000	1195
244400000	1163
244500000	1173
244600000	1169
244700000	1221
244800000	1211
244900000	1137
245000000	1277
245100000	1180
245200000	1183
245300000	1173
245400000	1229
245500000	1215
245600000	1183
245700000	1218
245800000	1224
245900000	1223
246000000	1232
246100000	1274
246200000	1217
246300000	1181
246400000	1232
246500000	1186
246600000	1236
246700000	1234
246800000	1262
246900000	1242
247000000	1183
247100000	1243
247200000	1176
247300000	1240
247400000	1220
247500000	1251
247600000	1208
247700000	1183
247800000	1259
247900000	1228
248000000	1147
248100000	1237
248200000	1249
248300000	1260
248400000	1175
248500000	1244
248600000	1245
248700000	1198
248800000	1245
248900000	1248
249000000	1233
249100000	1236
249200000	1244
249300000	1299
249400000	1170
249500000	1271
249600000	1204
249700000	1271
249800000	1198
249900000	1180
250000000	1264
250100000	1272
250200000	1152
250300000	1236
250400000	1220
250500000	1253
250600000	1144
250700000	1279
250800000	1251
250900000	1250
251000000	1260
251100000	1310
251200000	1240
251300000	1292
251400000	1266
251500000	1205
251600000	1244
251700000	1268
251800000	1260
251900000	1298
252000000	1264
252100000	1201
252200000	1216
252300000	1226
252400000	1192
252500000	1216
252600000	1285
252700000	1213
252800000	1223
252900000	1277
253000000	1299
253100000	1252
253200000	1267
253300000	1236
253400000	1238
253500000	1216
253600000	1208
253700000	1286
253800000	1274
253900000	1266
254000000	1232
254100000	1168
254200000	1292
254300000	1288
254400000	1256
254500000	1282
254600000	1255
254700000	1239
254800000	1334
254900000	1285
255000000	1315
255100000	1256
255200000	1244
255300000	1221
255400000	1183
255500000	1275
255600000	1254
255700000	1269
255800000	1248
255900000	1289
256000000	1323
256100000	1252
256200000	1308
256300000	1319
256400000	1272
256500000	1209
256600000	1243
256700000	1283
256800000	1292
256900000	1298
257000000	1275
257100000	1279
257200000	1351
257300000	1256
257400000	1281
257500000	1286
257600000	1314
257700000	1248
257800000	1268
257900000	1299
258000000	1264
258100000	1254
258200000	1296
258300000	1294
258400000	1279
258500000	1304
258600000	1228
258700000	1305
258800000	1292
258900000	1298
259000000	1278
259100000	1295
259200000	1255
259300000	1297
259400000	1274
259500000	1324
259600000	1231
259700000	1295
259800000	1299
259900000	1312
260000000	1321
260100000	1241
260200000	1381
260300000	1260
260400000	1223
260500000	1259
260600000	1352
260700000	1270
260800000	1225
260900000	1272
261000000	1332
261100000	1240
261200000	1259
261300000	1337
261400000	1267
261500000	1334
261600000	1266
261700000	1235
261800000	1323
261900000	1235
262000000	1312
262100000	1331
262200000	1287
262300000	1257
262400000	1256
262500000	1339
262600000	1332
262700000	1263
262800000	1299
262900000	1313
263000000	1330
263100000	1285
263200000	1257
263300000	1196
263400000	1252
263500000	1322
263600000	1258
263700000	1315
263800000	1337
263900000	1248
264000000	1321
264100000	1292
264200000	1292
264300000	1296
264400000	1251
264500000	1290
264600000	1303
264700000	1333
264800000	1405
264900000	1296
265000000	1309
265100000	1301
265200000	1319
265300000	1345
265400000	1320
265500000	1357
265600000	1224
265700000	1304
265800000	1341
265900000	1347
266000000	1235
266100000	1284
266200000	1275
266300000	1247
266400000	1338
266500000	1344
266600000	1297
266700000	1393
266800000	1368
266900000	1273
267000000	1273
267100000	1298
267200000	1289
267300000	1287
267400000	1328
267500000	1376
267600000	1338
267700000	1283
267800000	1280
267900000	1260
268000000	1301
268100000	1408
268200000	1249
268300000	1272
268400000	1387
268500000	1292
268600000	1250
268700000	1395
268800000	1294
268900000	1366
269000000	1328
269100000	1318
269200000	1303
269300000	1248
269400000	1272
269500000	1372
269600000	1275
269700000	1288
269800000	1369
269900000	1276
270000000	1398
270100000	1306
270200000	1280
270300000	1280
270400000	1363
270500000	1363
270600000	1380
270700000	1370
270800000	1294
270900000	1286
271000000	1349
271100000	1368
271200000	1324
271300000	1356
271400000	1272
271500000	1337
271600000	1267
271700000	1325
271800000	1348
271900000	1293
272000000	1283
272100000	1286
272200000	1326
272300000	1312
272400000	1366
272500000	1360
272600000	1360
272700000	1312
272800000	1325
272900000	1327
273000000	1307
273100000	1386
273200000	1373
273300000	1377
273400000	1408
273500000	1352
273600000	1357
273700000	1330
273800000	1320
273900000	1318
274000000	1330
274100000	1267
274200000	1410
274300000	1370
274400000	1334
274500000	1341
274600000	1335
274700000	1376
274800000	1350
274900000	1383
275000000	1299
275100000	1319
275200000	1374
275300000	1370
275400000	1320
275500000	1300
275600000	1308
275700000	1390
275800000	1351
275900000	1308
276000000	1386
276100000	1292
276200000	1300
276300000	1371
276400000	1334
276500000	1430
276600000	1315
276700000	1371
276800000	1374
276900000	1433
277000000	1373
277100000	1347
277200000	1295
277300000	1376
277400000	1323
277500000	1341
277600000	1365
277700000	1321
277800000	1332
277900000	1373
278000000	1360
278100000	1338
278200000	1325
278300000	1271
278400000	1343
278500000	1293
278600000	1388
278700000	1305
278800000	1411
278900000	1350
279000000	1337
279100000	1299
279200000	1352
279300000	1448
279400000	1287
279500000	1330
279600000	1417
279700000	1429
279800000	1409
279900000	1393
280000000	1360
280100000	1297
280200000	1407
280300000	1358
280400000	1342
280500000	1407
280600000	1402
280700000	1394
280800000	1356
280900000	1403
281000000	1423
281100000	1367
281200000	1354
281300000	1343
281400000	1421
281500000	1412
281600000	1343
281700000	1397
281800000	1398
281900000	1360
282000000	1371
282100000	1355
282200000	1341
282300000	1384
282400000	1299
282500000	1375
282600000	1410
282700000	1408
282800000	1379
282900000	1327
283000000	1310
283100000	1408
283200000	1423
283300000	1352
283400000	1396
283500000	1434
283600000	1355
283700000	1352
283800000	1356
283900000	1378
284000000	1356
284100000	1370
284200000	1328
284300000	1349
284400000	1334
284500000	1310
284600000	1411
284700000	1372
284800000	1400
284900000	1373
285000000	1359
285100000	1400
285200000	1392
285300000	1382
285400000	1354
285500000	1387
285600000	1335
285700000	1331
285800000	1372
285900000	1344
286000000	1340
286100000	1415
286200000	1393
286300000	1360
286400000	1441
286500000	1408
286600000	1386
286700000	1420
286800000	1418
286900000	1363
287000000	1379
287100000	1435
287200000	1368
287300000	1414
287400000	1352
287500000	1313
287600000	1424
287700000	1329
287800000	1312
287900000	1416
288000000	1329
288100000	1347
288200000	1349
288300000	1378
288400000	1316
288500000	1455
288600000	1427
288700000	1315
288800000	1441
288900000	1361
289000000	1420
289100000	1411
289200000	1316
289300000	1353
289400000	1367
289500000	1477
289600000	1360
289700000	1315
289800000	1388
289900000	1370
290000000	1400
290100000	1352
290200000	1297
290300000	1319
290400000	1431
290500000	1349
290600000	1386
290700000	1378
290800000	1339
290900000	1430
291000000	1394
291100000	1409
291200000	1379
291300000	1376
291400000	1441
291500000	1372
291600000	1359
291700000	1413
291800000	1403
291900000	1375
292000000	1382
292100000	1368
292200000	1364
292300000	1371
292400000	1314
292500000	1422
292600000	1398
292700000	1313
292800000	1441
292900000	1333
293000000	1367
293100000	1427
293200000	1339
293300000	1368
293400000	1365
293500000	1337
293600000	1363
293700000	1415
293800000	1455
293900000	1421
294000000	1385
294100000	1327
294200000	1466
294300000	1425
294400000	1339
294500000	1419
294600000	1392
294700000	1372
294800000	1389
294900000	1368
295000000	1434
295100000	1386
295200000	1419
295300000	1438
295400000	1353
295500000	1371
295600000	1362
295700000	1458
295800000	1440
295900000	1423
296000000	1447
296100000	1388
296200000	1400
296300000	1430
296400000	1382
296500000	1396
296600000	1338
296700000	1434
296800000	1378
296900000	1397
297000000	1423
297100000	1348
297200000	1387
297300000	1378
297400000	1448
297500000	1403
297600000	1297
297700000	1385
297800000	1363
297900000	1360
298000000	1385
298100000	1404
298200000	1375
298300000	1337
298400000	1383
298500000	1386
298600000	1425
298700000	1366
298800000	1407
298900000	1340
299000000	1409
299100000	1336
299200000	1420
299300000	1441
299400000	1371
299500000	1429
299600000	1466
299700000	1399
299800000	1405
299900000	1331
300000000	1405
300100000	1401
300200000	1355
300300000	1441
300400000	1425
300500000	1411
300600000	1456
300700000	1432
300800000	1370
300900000	1349
301000000	1339
301100000	1426
301200000	1462
301300000	1373
301400000	1405
301500000	1393
301600000	1448
301700000	1368
301800000	1402
301900000	1361
302000000	1427
302100000	1404
302200000	1394
302300000	1346
302400000	1435
302500000	1340
302600000	1386
302700000	1405
302800000	1476
302900000	1431
303000000	1389
303100000	1388
303200000	1354
303300000	1439
303400000	1353
303500000	1401
303600000	1405
303700000	1341
303800000	1362
303900000	1392
304000000	1361
304100000	1395
304200000	1371
304300000	1368
304400000	1400
304500000	1358
304600000	1394
304700000	1426
304800000	1453
304900000	1393
305000000	1419
305100000	1451
305200000	1457
305300000	1462
305400000	1350
305500000	1434
305600000	1441
305700000	1403
305800000	1439
305900000	1383
306000000	1434
306100000	1392
306200000	1388
306300000	1480
306400000	1365
306500000	1476
306600000	1376
306700000	1377
306800000	1453
306900000	1364
307000000	1412
307100000	1358
307200000	1448
307300000	1478
307400000	1463
307500000	1332
307600000	1429
307700000	1407
307800000	1381
307900000	1391
308000000	1337
308100000	1434
308200000	1459
308300000	1390
308400000	1380
308500000	1356
308600000	1379
308700000	1377
308800000	1396
308900000	1412
309000000	1298
309100000	1353
309200000	1386
309300000	1502
309400000	1451
309500000	1402
309600000	1430
309700000	1435
309800000	1432
309900000	1438
310000000	1390
310100000	1484
310200000	1390
310300000	1390
310400000	1404
310500000	1367
310600000	1426
310700000	1382
310800000	1367
310900000	1483
311000000	1403
311100000	1394
311200000	1421
311300000	1423
311400000	1383
311500000	1450
311600000	1439
311700000	1420
311800000	1445
311900000	1406
312000000	1446
312100000	1409
312200000	1451
312300000	1450
312400000	1435
312500000	1425
312600000	1422
312700000	1448
312800000	1374
312900000	1353
313000000	1488
313100000	1419
313200000	1445
313300000	1415
313400000	1427
313500000	1436
313600000	1334
313700000	1460
313800000	1409
313900000	1449
314000000	1429
314100000	1389
314200000	1429
314300000	1532
314400000	1432
314500000	1410
314600000	1351
314700000	1394
314800000	1411
314900000	1363
315000000	1411
315100000	1418
315200000	1439
315300000	1420
315400000	1442
315500000	1450
315600000	1399
315700000	1447
315800000	1445
315900000	1380
316000000	1422
316100000	1428
316200000	1432
316300000	1409
316400000	1406
316500000	1366
316600000	1500
316700000	1422
316800000	1381
316900000	1462
317000000	1383
317100000	1411
317200000	1478
317300000	1405
317400000	1410
317500000	1415
317600000	1461
317700000	1373
317800000	1443
317900000	1381
318000000	1399
318100000	1448
318200000	1477
318300000	1442
318400000	1365
318500000	1365
318600000	1390
318700000	1454
318800000	1372
318900000	1378
319000000	1356
319100000	1443
319200000	1396
319300000	1458
319400000	1414
319500000	1456
319600000	1416
319700000	1416
319800000	1450
319900000	1465
320000000	1383
320100000	1415
320200000	1421
320300000	1414
320400000	1452
320500000	1478
320600000	1423
320700000	1393
320800000	1408
320900000	1428
321000000	1472
321100000	1443
321200000	1422
321300000	1446
321400000	1359
321500000	1456
321600000	1479
321700000	1455
321800000	1392
321900000	1399
322000000	1415
322100000	1394
322200000	1396
322300000	1442
322400000	1420
322500000	1392
322600000	1495
322700000	1456
322800000	1479
322900000	1495
323000000	1482
323100000	1460
323200000	1390
323300000	1513
323400000	1448
323500000	1393
323600000	1453
323700000	1406
323800000	1429
323900000	1385
324000000	1513
324100000	1404
324200000	1484
324300000	1386
324400000	1442
324500000	1444
324600000	1442
324700000	1473
324800000	1505
324900000	1434
325000000	1406
325100000	1423
325200000	1400
325300000	1408
325400000	1416
325500000	1392
325600000	1429
325700000	1375
325800000	1430
325900000	1546
326000000	1402
326100000	1402
326200000	1423
326300000	1384
326400000	1367
326500000	1407
326600000	1418
326700000	1493
326800000	1389
326900000	1453
327000000	1397
327100000	1369
327200000	1484
327300000	1439
327400000	1408
327500000	1349
327600000	1509
327700000	1421
327800000	1444
327900000	1415
328000000	1421
328100000	1508
328200000	1427
328300000	1410
328400000	1443
328500000	1486
328600000	1459
328700000	1357
328800000	1542
328900000	1477
329000000	1416
329100000	1443
329200000	1397
329300000	1444
329400000	1454
329500000	1460
329600000	1356
329700000	1377
329800000	1360
329900000	1487
330000000	1448
330100000	1441
330200000	1389
330300000	1381
330400000	1443
330500000	1439
330600000	1404
330700000	1422
330800000	1400
330900000	1375
331000000	1366
331100000	1418
331200000	1495
331300000	1389
331400000	1515
331500000	1429
331600000	1462
331700000	1422
331800000	1417
331900000	1401
332000000	1409
332100000	1479
332200000	1343
332300000	1427
332400000	1378
332500000	1403
332600000	1462
332700000	1526
332800000	1485
332900000	1420
333000000	1420
333100000	1422
333200000	1426
333300000	1467
333400000	1429
333500000	1423
333600000	1465
333700000	1475
333800000	1356
333900000	1390
334000000	1499
334100000	1465
334200000	1459
334300000	1423
334400000	1384
334500000	1469
334600000	1492
334700000	1436
334800000	1454
334900000	1427
335000000	1425
335100000	1464
335200000	1407
335300000	1460
335400000	1452
335500000	1465
335600000	1425
335700000	1380
335800000	1431
335900000	1388
336000000	1525
336100000	1409
336200000	1447
336300000	1450
336400000	1428
336500000	1478
336600000	1475
336700000	1456
336800000	1530
336900000	1347
337000000	1379
337100000	1449
337200000	1336
337300000	1542
337400000	1454
337500000	1515
337600000	1400
337700000	1415
337800000	1553
337900000	1429
338000000	1359
338100000	1464
338200000	1470
338300000	1393
338400000	1438
338500000	1479
338600000	1534
338700000	1403
338800000	1436
338900000	1398
339000000	1456
339100000	1424
339200000	1534
339300000	1430
339400000	1474
339500000	1452
339600000	1504
339700000	1390
339800000	1372
339900000	1484
340000000	1433
340100000	1452
340200000	1462
340300000	1441
340400000	1453
340500000	1509
340600000	1440
340700000	1446
340800000	1473
340900000	1414
341000000	1484
341100000	1452
341200000	1377
341300000	1409
341400000	1469
341500000	1399
341600000	1370
341700000	1489
341800000	1476
341900000	1419
342000000	1543
342100000	1441
342200000	1410
342300000	1452
342400000	1425
342500000	1485
342600000	1409
342700000	1509
342800000	1442
342900000	1437
343000000	1458
343100000	1459
343200000	1472
343300000	1501
343400000	1469
343500000	1454
343600000	1405
343700000	1472
343800000	1477
343900000	1407
344000000	1458
344100000	1395
344200000	1389
344300000	1440
344400000	1428
344500000	1474
344600000	1430
344700000	1466
344800000	1389
344900000	1439
345000000	1447
345100000	1459
345200000	1447
345300000	1534
345400000	1445
345500000	1476
345600000	1495
345700000	1458
345800000	1484
345900000	1524
346000000	1498
346100000	1455
346200000	1417
346300000	1448
346400000	1421
346500000	1472
346600000	1493
346700000	1440
346800000	1454
346900000	1386
347000000	1496
347100000	1481
347200000	1407
347300000	1445
347400000	1412
347500000	1480
347600000	1505
347700000	1454
347800000	1487
347900000	1457
348000000	1408
348100000	1436
348200000	1472
348300000	1387
348400000	1556
348500000	1415
348600000	1496
348700000	1468
348800000	1430
348900000	1451
349000000	1470
349100000	1506
349200000	1489
349300000	1455
349400000	1504
349500000	1454
349600000	1445
349700000	1505
349800000	1458
349900000	1486
350000000	1460
350100000	1442
350200000	1475
350300000	1498
350400000	1533
350500000	1442
350600000	1422
350700000	1419
350800000	1490
350900000	1425
351000000	1457
351100000	1452
351200000	1328
351300000	1455
351400000	1478
351500000	1455
351600000	1457
351700000	1395
351800000	1425
351900000	1450
352000000	1395
352100000	1441
352200000	1468
352300000	1379
352400000	1425
352500000	1396
352600000	1468
352700000	1474
352800000	1476
352900000	1395
353000000	1487
353100000	1446
353200000	1423
353300000	1450
353400000	1471
353500000	1467
353600000	1449
353700000	1403
353800000	1424
353900000	1528
354000000	1463
354100000	1412
354200000	1506
354300000	1418
354400000	1522
354500000	1507
354600000	1467
354700000	1445
354800000	1473
354900000	1451
355000000	1497
355100000	1475
355200000	1467
355300000	1431
355400000	1509
355500000	1504
355600000	1484
355700000	1507
355800000	1506
355900000	1443
356000000	1469
356100000	1496
356200000	1476
356300000	1486
356400000	1416
356500000	1413
356600000	1424
356700000	1473
356800000	1486
356900000	1403
357000000	1512
357100000	1572
357200000	1442
357300000	1501
357400000	1441
357500000	1456
357600000	1506
357700000	1404
357800000	1452
357900000	1401
358000000	1486
358100000	1476
358200000	1537
358300000	1495
358400000	1424
358500000	1507
358600000	1435
358700000	1398
358800000	1467
358900000	1416
359000000	1436
359100000	1501
359200000	1528
359300000	1480
359400000	1457
359500000	1428
359600000	1440
359700000	1455
359800000	1486
359900000	1474
360000000	1438
360100000	1505
360200000	1505
360300000	1444
360400000	1445
360500000	1468
360600000	1456
360700000	1444
360800000	1444
360900000	1439
361000000	1476
361100000	1459
361200000	1462
361300000	1445
361400000	1459
361500000	1462
361600000	1504
361700000	1395
361800000	1438
361900000	1434
362000000	1464
362100000	1494
362200000	1459
362300000	1527
362400000	1483
362500000	1456
362600000	1521
362700000	1470
362800000	1423
362900000	1543
363000000	1467
363100000	1489
363200000	1414
363300000	1463
363400000	1426
363500000	1469
363600000	1462
363700000	1400
363800000	1571
363900000	1422
364000000	1444
364100000	1518
364200000	1463
364300000	1456
364400000	1438
364500000	1448
364600000	1502
364700000	1479
364800000	1454
364900000	1438
365000000	1452
365100000	1439
365200000	1522
365300000	1478
365400000	1497
365500000	1461
365600000	1489
365700000	1467
365800000	1471
365900000	1518
366000000	1478
366100000	1437
366200000	1459
366300000	1452
366400000	1574
366500000	1442
366600000	1466
366700000	1535
366800000	1447
366900000	1500
367000000	1457
367100000	1422
367200000	1437
367300000	1408
367400000	1437
367500000	1452
367600000	1505
367700000	1404
367800000	1510
367900000	1473
368000000	1535
368100000	1443
368200000	1493
368300000	1427
368400000	1417
368500000	1493
368600000	1445
368700000	1538
368800000	1461
368900000	1510
369000000	1491
369100000	1442
369200000	1487
369300000	1522
369400000	1422
369500000	1475
369600000	1443
369700000	1473
369800000	1491
369900000	1536
370000000	1454
370100000	1427
370200000	1506
370300000	1520
370400000	1457
370500000	1473
370600000	1408
370700000	1439
370800000	1463
370900000	1422
371000000	1508
371100000	1555
371200000	1526
371300000	1438
371400000	1480
371500000	1490
371600000	1505
371700000	1425
371800000	1532
371900000	1454
372000000	1483
372100000	1470
372200000	1479
372300000	1375
372400000	1479
372500000	1485
372600000	1466
372700000	1446
372800000	1463
372900000	1508
373000000	1508
373100000	1506
373200000	1464
373300000	1507
373400000	1462
373500000	1481
373600000	1480
373700000	1428
373800000	1447
373900000	1432
374000000	1478
374100000	1468
374200000	1425
374300000	1540
374400000	1390
374500000	1502
374600000	1455
374700000	1480
374800000	1485
374900000	1490
375000000	1478
375100000	1476
375200000	1452
375300000	1496
375400000	1490
375500000	1409
375600000	1413
375700000	1445
375800000	1468
375900000	1487
376000000	1421
376100000	1525
376200000	1448
376300000	1496
376400000	1497
376500000	1492
376600000	1436
376700000	1454
376800000	1476
376900000	1444
377000000	1519
377100000	1501
377200000	1416
377300000	1435
377400000	1465
377500000	1424
377600000	1474
377700000	1480
377800000	1452
377900000	1530
378000000	1480
378100000	1485
378200000	1507
378300000	1526
378400000	1483
378500000	1423
378600000	1532
378700000	1447
378800000	1509
378900000	1428
379000000	1448
379100000	1423
379200000	1507
379300000	1402
379400000	1547
379500000	1436
379600000	1446
379700000	1433
379800000	1446
379900000	1566
380000000	1462
380100000	1470
380200000	1484
380300000	1439
380400000	1487
380500000	1467
380600000	1495
380700000	1410
380800000	1508
380900000	1423
381000000	1468
381100000	1485
381200000	1462
381300000	1520
381400000	1474
381500000	1496
381600000	1514
381700000	1481
381800000	1510
381900000	1444
382000000	1477
382100000	1428
382200000	1401
382300000	1500
382400000	1492
382500000	1490
382600000	1593
382700000	1497
382800000	1484
382900000	1516
383000000	1447
383100000	1507
383200000	1404
383300000	1463
383400000	1457
383500000	1411
383600000	1490
383700000	1529
383800000	1457
383900000	1385
384000000	1470
384100000	1467
384200000	1425
384300000	1449
384400000	1480
384500000	1445
384600000	1495
384700000	1448
384800000	1466
384900000	1443
385000000	1460
385100000	1409
385200000	1498
385300000	1419
385400000	1478
385500000	1614
385600000	1476
385700000	1452
385800000	1488
385900000	1474
386000000	1484
386100000	1493
386200000	1495
386300000	1469
386400000	1490
386500000	1465
386600000	1503
386700000	1472
386800000	1380
386900000	1463
387000000	1511
387100000	1540
387200000	1461
387300000	1423
387400000	1491
387500000	1455
387600000	1466
387700000	1537
387800000	1440
387900000	1511
388000000	1485
388100000	1443
388200000	1470
388300000	1452
388400000	1439
388500000	1466
388600000	1410
388700000	1478
388800000	1457
388900000	1514
389000000	1489
389100000	1526
389200000	1479
389300000	1464
389400000	1464
389500000	1479
389600000	1486
389700000	1457
389800000	1540
389900000	1548
390000000	1453
390100000	1458
390200000	1416
390300000	1481
390400000	1440
390500000	1456
390600000	1455
390700000	1433
390800000	1489
390900000	1426
391000000	1488
391100000	1432
391200000	1471
391300000	1488
391400000	1489
391500000	1544
391600000	1472
391700000	1482
391800000	1496
391900000	1464
392000000	1525
392100000	1510
392200000	1441
392300000	1453
392400000	1451
392500000	1569
392600000	1457
392700000	1426
392800000	1504
392900000	1513
393000000	1532
393100000	1504
393200000	1542
393300000	1450
393400000	1500
393500000	1479
393600000	1510
393700000	1449
393800000	1523
393900000	1475
394000000	1433
394100000	1453
394200000	1493
394300000	1468
394400000	1532
394500000	1496
394600000	1474
394700000	1515
394800000	1542
394900000	1489
395000000	1529
395100000	1509
395200000	1497
395300000	1505
395400000	1527
395500000	1440
395600000	1495
395700000	1464
395800000	1500
395900000	1455
396000000	1508
396100000	1454
396200000	1494
396300000	1510
396400000	1507
396500000	1480
396600000	1494
396700000	1494
396800000	1483
396900000	1415
397000000	1429
397100000	1532
397200000	1440
397300000	1478
397400000	1400
397500000	1495
397600000	1520
397700000	1510
397800000	1508
397900000	1527
398000000	1547
398100000	1533
398200000	1527
398300000	1506
398400000	1439
398500000	1473
398600000	1481
398700000	1524
398800000	1541
398900000	1474
399000000	1536
399100000	1529
399200000	1426
399300000	1447
399400000	1522
399500000	1403
399600000	1477
399700000	1471
399800000	1448
399900000	1481
400000000	1491
400100000	1504
400200000	1464
400300000	1485
400400000	1511
400500000	1535
400600000	1470
400700000	1461
400800000	1451
400900000	1414
401000000	1454
401100000	1451
401200000	1394
401300000	1382
401400000	1425
401500000	1413
401600000	1364
401700000	1438
401800000	1404
401900000	1373
402000000	1369
402100000	1370
402200000	1382
402300000	1297
402400000	1386
402500000	1258
402600000	1387
402700000	1368
402800000	1328
402900000	1315
403000000	1353
403100000	1392
403200000	1326
403300000	1280
403400000	1322
403500000	1375
403600000	1277
403700000	1297
403800000	1336
403900000	1309
404000000	1321
404100000	1331
404200000	1279
404300000	1251
404400000	1374
404500000	1265
404600000	1246
404700000	1305
404800000	1276
404900000	1256
405000000	1286
405100000	1237
405200000	1325
405300000	1284
405400000	1215
405500000	1207
405600000	1188
405700000	1198
405800000	1239
405900000	1239
406000000	1259
406100000	1245
406200000	1203
406300000	1224
406400000	1157
406500000	1172
406600000	1255
406700000	1210
406800000	1204
406900000	1163
407000000	1090
407100000	1196
407200000	1124
407300000	1133
407400000	1140
407500000	1187
407600000	1209
407700000	1244
407800000	1183
407900000	1166
408000000	1122
408100000	1119
408200000	1155
408300000	1125
408400000	1123
408500000	1074
408600000	1102
408700000	1164
408800000	1127
408900000	1112
409000000	1096
409100000	1136
409200000	1085
409300000	1081
409400000	1127
409500000	1090
409600000	1140
409700000	1111
409800000	1080
409900000	1105
410000000	1126
410100000	1137
410200000	1117
410300000	1064
410400000	1078
410500000	1083
410600000	1060
410700000	1027
410800000	1110
410900000	1055
411000000	1082
411100000	1061
411200000	1061
411300000	1048
411400000	1001
411500000	1000
411600000	1040
411700000	1013
411800000	1024
411900000	1005
412000000	1016
412100000	1004
412200000	1023
412300000	1080
412400000	1051
412500000	1017
412600000	1052
412700000	992
412800000	1025
412900000	1032
413000000	989
413100000	989
413200000	997
413300000	1000
413400000	1020
413500000	926
413600000	1041
413700000	978
413800000	1001
413900000	953
414000000	948
414100000	1026
414200000	969
414300000	925
414400000	957
414500000	991
414600000	1026
414700000	976
414800000	960
414900000	973
415000000	920
415100000	1003
415200000	958
415300000	924
415400000	955
415500000	914
415600000	953
415700000	920
415800000	899
415900000	921
416000000	926
416100000	976
416200000	886
416300000	969
416400000	951
416500000	961
416600000	973
416700000	932
416800000	919
416900000	910
417000000	917
417100000	888
417200000	919
417300000	887
417400000	872
417500000	913
417600000	880
417700000	885
417800000	908
417900000	942
418000000	913
418100000	892
418200000	879
418300000	913
418400000	920
418500000	913
418600000	895
418700000	874
418800000	904
418900000	879
419000000	850
419100000	876
419200000	936
419300000	888
419400000	874
419500000	863
419600000	892
419700000	909
419800000	839
419900000	823
420000000	874
420100000	847
420200000	867
420300000	812
420400000	925
420500000	826
420600000	797
420700000	801
420800000	836
420900000	830
421000000	775
421100000	848
421200000	837
421300000	789
421400000	846
421500000	801
421600000	823
421700000	866
421800000	856
421900000	823
422000000	836
422100000	742
422200000	877
422300000	836
422400000	773
422500000	806
422600000	838
422700000	804
422800000	752
422900000	782
423000000	778
423100000	834
423200000	801
423300000	835
423400000	858
423500000	829
423600000	816
423700000	779
423800000	801
423900000	850
424000000	771
424100000	791
424200000	761
424300000	818
424400000	768
424500000	823
424600000	775
424700000	761
424800000	803
424900000	778
425000000	796
425100000	754
425200000	834
425300000	761
425400000	741
425500000	746
425600000	777
425700000	787
425800000	765
425900000	769
426000000	749
426100000	761
426200000	749
426300000	764
426400000	830
426500000	782
426600000	743
426700000	766
426800000	739
426900000	761
427000000	801
427100000	730
427200000	730
427300000	776
427400000	739
427500000	747
427600000	709
427700000	735
427800000	752
427900000	693
428000000	722
428100000	719
428200000	714
428300000	770
428400000	715
428500000	724
428600000	721
428700000	745
428800000	754
428900000	684
429000000	681
429100000	766
429200000	724
429300000	737
429400000	738
429500000	709
429600000	715
429700000	682
429800000	710
429900000	707
430000000	734
430100000	727
430200000	752
430300000	686
430400000	724
430500000	711
430600000	736
430700000	692
430800000	706
430900000	673
431000000	716
431100000	701
431200000	731
431300000	733
431400000	701
431500000	670
431600000	696
431700000	698
431800000	638
431900000	700
432000000	688
432100000	733
432200000	698
432300000	665
432400000	700
432500000	659
432600000	637
432700000	654
432800000	614
432900000	666
433000000	639
433100000	595
433200000	667
433300000	643
433400000	666
433500000	663
433600000	656
433700000	680
433800000	612
433900000	668
434000000	723
434100000	590
434200000	640
434300000	682
434400000	685
434500000	666
434600000	635
434700000	662
434800000	648
434900000	657
435000000	672
435100000	631
435200000	626
435300000	694
435400000	673
435500000	640
435600000	638
435700000	675
435800000	666
435900000	642
436000000	590
436100000	664
436200000	641
436300000	634
436400000	648
436500000	632
436600000	613
436700000	674
436800000	653
436900000	622
437000000	595
437100000	631
437200000	634
437300000	598
437400000	591
437500000	657
437600000	612
437700000	629
437800000	610
437900000	567
438000000	588
438100000	632
438200000	666
438300000	632
438400000	611
438500000	613
438600000	608
438700000	602
438800000	586
438900000	639
439000000	609
439100000	602
439200000	630
439300000	643
439400000	598
439500000	610
439600000	633
439700000	568
439800000	601
439900000	621
440000000	579
440100000	581
440200000	593
440300000	585
440400000	602
440500000	602
440600000	591
440700000	593
440800000	592
440900000	605
441000000	570
441100000	567
441200000	571
441300000	620
441400000	532
441500000	593
441600000	624
441700000	603
441800000	569
441900000	532
442000000	587
442100000	582
442200000	576
442300000	584
442400000	569
442500000	534
442600000	581
442700000	569
442800000	518
442900000	548
443000000	571
443100000	555
443200000	560
443300000	536
443400000	553
443500000	560
443600000	574
443700000	557
443800000	593
443900000	573
444000000	538
444100000	570
444200000	523
444300000	536
444400000	553
444500000	605
444600000	542
444700000	590
444800000	530
444900000	535
445000000	567
445100000	540
445200000	578
445300000	548
445400000	547
445500000	483
445600000	523
445700000	542
445800000	552
445900000	496
446000000	539
446100000	536
446200000	581
446300000	527
446400000	570
446500000	582
446600000	558
446700000	549
446800000	510
446900000	544
447000000	503
447100000	491
447200000	520
447300000	525
447400000	553
447500000	528
447600000	541
447700000	511
447800000	497
447900000	498
448000000	568
448100000	551
448200000	546
448300000	517
448400000	529
448500000	505
448600000	516
448700000	509
448800000	489
448900000	479
449000000	516
449100000	548
449200000	512
449300000	524
449400000	514
449500000	516
449600000	497
449700000	486
449800000	491
449900000	509
450000000	532
450100000	523
450200000	504
450300000	512
450400000	529
450500000	500
450600000	475
450700000	505
450800000	488
450900000	503
451000000	482
451100000	527
451200000	461
451300000	539
451400000	494
451500000	429
451600000	489
451700000	520
451800000	512
451900000	512
452000000	511
452100000	459
452200000	506
452300000	492
452400000	519
452500000	487
452600000	487
452700000	550
452800000	464
452900000	496
453000000	488
453100000	443
453200000	493
453300000	472
453400000	489
453500000	483
453600000	422
453700000	480
453800000	476
453900000	436
454000000	505
454100000	457
454200000	473
454300000	450
454400000	448
454500000	481
454600000	448
454700000	457
454800000	466
454900000	429
455000000	390
455100000	480
455200000	482
455300000	430
455400000	482
455500000	457
455600000	430
455700000	466
455800000	455
455900000	438
456000000	499
456100000	457
456200000	457
456300000	466
456400000	445
456500000	458
456600000	455
456700000	453
456800000	439
456900000	460
457000000	499
457100000	459
457200000	425
457300000	448
457400000	481
457500000	524
457600000	466
457700000	466
457800000	436
457900000	475
458000000	482
458100000	425
458200000	447
458300000	459
458400000	450
458500000	437
458600000	483
458700000	489
458800000	439
458900000	461
459000000	452
459100000	435
459200000	453
459300000	440
459400000	424
459500000	437
459600000	421
459700000	398
459800000	422
459900000	446
460000000	425
460100000	416
460200000	452
460300000	424
460400000	443
460500000	443
460600000	414
460700000	458
460800000	436
460900000	462
461000000	478
461100000	417
461200000	400
461300000	451
461400000	485
461500000	426
461600000	397
461700000	432
461800000	435
461900000	437
462000000	448
462100000	413
462200000	402
462300000	392
462400000	411
462500000	414
462600000	430
462700000	437
462800000	410
462900000	433
463000000	400
463100000	426
463200000	423
463300000	419
463400000	397
463500000	413
463600000	425
463700000	407
463800000	413
463900000	398
464000000	419
464100000	432
464200000	441
464300000	390
464400000	440
464500000	388
464600000	404
464700000	385
464800000	376
464900000	413
465000000	411
465100000	422
465200000	402
465300000	439
465400000	362
465500000	403
465600000	412
465700000	374
465800000	401
465900000	413
466000000	410
466100000	432
466200000	381
466300000	417
466400000	377
466500000	398
466600000	416
466700000	403
466800000	394
466900000	418
467000000	445
467100000	408
467200000	412
467300000	414
467400000	360
467500000	407
467600000	391
467700000	399
467800000	387
467900000	382
468000000	396
468100000	393
468200000	415
468300000	402
468400000	386
468500000	380
468600000	398
468700000	386
468800000	410
468900000	373
469000000	394
469100000	395
469200000	414
469300000	381
469400000	366
469500000	385
469600000	354
469700000	417
469800000	367
469900000	356
470000000	374
470100000	376
470200000	400
470300000	363
470400000	370
470500000	398
470600000	347
470700000	380
470800000	358
470900000	324
471000000	356
471100000	403
471200000	357
471300000	362
471400000	376
471500000	368
471600000	361
471700000	372
471800000	389
471900000	371
472000000	385
472100000	364
472200000	352
472300000	354
472400000	349
472500000	369
472600000	348
472700000	364
472800000	373
472900000	397
473000000	351
473100000	374
473200000	338
473300000	364
473400000	365
473500000	321
473600000	387
473700000	348
473800000	374
473900000	355
474000000	383
474100000	345
474200000	374
474300000	320
474400000	334
474500000	336
474600000	369
474700000	324
474800000	318
474900000	366
475000000	336
475100000	361
475200000	358
475300000	359
475400000	351
475500000	345
475600000	330
475700000	344
475800000	353
475900000	341
476000000	349
476100000	339
476200000	381
476300000	343
476400000	382
476500000	364
476600000	348
476700000	379
476800000	332
476900000	360
477000000	375
477100000	336
477200000	344
477300000	347
477400000	348
477500000	350
477600000	321
477700000	318
477800000	351
477900000	347
478000000	327
478100000	308
478200000	319
478300000	306
478400000	355
478500000	334
478600000	323
478700000	316
478800000	316
478900000	326
479000000	372
479100000	320
479200000	342
479300000	324
479400000	332
479500000	328
479600000	374
479700000	334
479800000	346
479900000	313
480000000	338
480100000	350
480200000	331
480300000	343
480400000	376
480500000	343
480600000	330
480700000	315
480800000	322
480900000	332
481000000	312
481100000	335
481200000	306
481300000	320
481400000	332
481500000	344
481600000	306
481700000	336
481800000	311
481900000	331
482000000	334
482100000	293
482200000	329
482300000	367
482400000	314
482500000	329
482600000	312
482700000	333
482800000	331
482900000	319
483000000	335
483100000	326
483200000	291
483300000	313
483400000	325
483500000	325
483600000	278
483700000	315
483800000	316
483900000	297
484000000	311
484100000	333
484200000	296
484300000	305
484400000	318
484500000	307
484600000	349
484700000	311
484800000	336
484900000	290
485000000	297
485100000	331
485200000	325
485300000	285
485400000	311
485500000	323
485600000	309
485700000	332
485800000	314
485900000	305
486000000	314
486100000	324
486200000	310
486300000	294
486400000	288
486500000	325
486600000	285
486700000	347
486800000	278
486900000	321
487000000	314
487100000	311
487200000	297
487300000	326
487400000	314
487500000	287
487600000	298
487700000	325
487800000	293
487900000	275
488000000	296
488100000	302
488200000	289
488300000	267
488400000	323
488500000	304
488600000	293
488700000	281
488800000	255
488900000	292
489000000	305
489100000	284
489200000	299
489300000	317
489400000	271
489500000	306
489600000	305
489700000	313
489800000	274
489900000	295
490000000	298
490100000	275
490200000	259
490300000	272
490400000	301
490500000	296
490600000	269
490700000	267
490800000	278
490900000	260
491000000	307
491100000	265
491200000	271
491300000	280
491400000	301
491500000	271
491600000	298
491700000	276
491800000	293
491900000	291
492000000	264
492100000	277
492200000	272
492300000	284
492400000	280
492500000	280
492600000	289
492700000	303
492800000	268
492900000	241
493000000	264
493100000	259
493200000	238
493300000	287
493400000	280
493500000	283
493600000	297
493700000	295
493800000	279
493900000	268
494000000	243
494100000	256
494200000	266
494300000	285
494400000	276
494500000	268
494600000	284
494700000	276
494800000	267
494900000	255
495000000	267
495100000	278
495200000	303
495300000	308
495400000	250
495500000	312
495600000	313
495700000	248
495800000	283
495900000	293
496000000	271
496100000	269
496200000	277
496300000	258
496400000	269
496500000	301
496600000	263
496700000	244
496800000	267
496900000	267
497000000	291
497100000	283
497200000	254
497300000	264
497400000	249
497500000	280
497600000	245
497700000	288
497800000	258
497900000	283
498000000	294
498100000	270
498200000	231
498300000	264
498400000	282
498500000	232
498600000	262
498700000	297
498800000	302
498900000	258
499000000	271
499100000	256
499200000	260
499300000	279
499400000	264
499500000	244
499600000	249
499700000	241
499800000	273
499900000	274
500000000	277
500100000	234
500200000	257
500300000	237
500400000	230
500500000	226
500600000	241
500700000	239
500800000	261
500900000	254
501000000	277
501100000	250
501200000	283
501300000	233
501400000	275
501500000	258
501600000	267
501700000	246
501800000	220
501900000	252
502000000	256
502100000	241
502200000	239
502300000	243
502400000	259
502500000	268
502600000	253
502700000	281
502800000	262
502900000	276
503000000	244
503100000	231
503200000	259
503300000	249
503400000	253
503500000	230
503600000	219
503700000	256
503800000	265
503900000	242
504000000	256
504100000	261
504200000	258
504300000	246
504400000	271
504500000	252
504600000	237
504700000	237
504800000	237
504900000	244
505000000	269
505100000	239
505200000	245
505300000	256
505400000	268
505500000	226
505600000	263
505700000	258
505800000	246
505900000	219
506000000	257
506100000	219
506200000	224
506300000	228
506400000	269
506500000	233
506600000	234
506700000	238
506800000	232
506900000	233
507000000	234
507100000	252
507200000	236
507300000	212
507400000	256
507500000	250
507600000	247
507700000	230
507800000	245
507900000	246
508000000	241
508100000	258
508200000	250
508300000	243
508400000	271
508500000	209
508600000	257
508700000	270
508800000	236
508900000	247
509000000	215
509100000	256
509200000	211
509300000	206
509400000	221
509500000	260
509600000	221
509700000	238
509800000	232
509900000	207
510000000	250
510100000	236
510200000	251
510300000	227
510400000	242
510500000	222
510600000	226
510700000	211
510800000	239
510900000	205
511000000	190
511100000	252
511200000	230
511300000	252
511400000	220
511500000	225
511600000	232
511700000	210
511800000	232
511900000	215
512000000	228
512100000	217
512200000	218
512300000	195
512400000	203
512500000	225
512600000	220
512700000	226
512800000	182
512900000	244
513000000	213
513100000	194
513200000	206
513300000	230
513400000	233
513500000	205
513600000	223
513700000	222
513800000	199
513900000	209
514000000	220
514100000	259
514200000	222
514300000	197
514400000	210
514500000	225
514600000	191
514700000	205
514800000	206
514900000	222
515000000	196
515100000	196
515200000	183
515300000	222
515400000	188
515500000	225
515600000	175
515700000	204
515800000	218
515900000	189
516000000	217
516100000	208
516200000	198
516300000	224
516400000	205
516500000	204
516600000	232
516700000	206
516800000	205
516900000	207
517000000	207
517100000	212
517200000	198
517300000	214
517400000	213
517500000	190
517600000	213
517700000	179
517800000	233
517900000	226
518000000	199
518100000	203
518200000	218
518300000	166
518400000	241
518500000	212
518600000	203
518700000	184
518800000	190
518900000	202
519000000	204
519100000	221
519200000	217
519300000	204
519400000	161
519500000	215
519600000	202
519700000	197
519800000	210
519900000	203
520000000	230
520100000	219
520200000	193
520300000	211
520400000	210
520500000	220
520600000	230
520700000	169
520800000	209
520900000	208
521000000	193
521100000	186
521200000	199
521300000	218
521400000	206
521500000	184
521600000	204
521700000	174
521800000	207
521900000	190
522000000	192
522100000	188
522200000	194
522300000	209
522400000	192
522500000	180
522600000	194
522700000	177
522800000	192
522900000	208
523000000	181
523100000	204
523200000	212
523300000	166
523400000	195
523500000	198
523600000	165
523700000	194
523800000	199
523900000	180
524000000	183
524100000	178
524200000	200
524300000	194
524400000	210
524500000	196
524600000	174
524700000	188
524800000	198
524900000	198
525000000	175
525100000	207
525200000	191
525300000	192
525400000	192
525500000	212
525600000	193
525700000	173
525800000	177
525900000	194
526000000	202
526100000	196
526200000	221
526300000	213
526400000	180
526500000	186
526600000	179
526700000	203
526800000	197
526900000	170
527000000	185
527100000	190
527200000	218
527300000	196
527400000	200
527500000	204
527600000	191
527700000	194
527800000	192
527900000	191
528000000	182
528100000	231
528200000	186
528300000	173
528400000	169
528500000	150
528600000	177
528700000	191
528800000	191
528900000	196
529000000	178
529100000	219
529200000	173
529300000	188
529400000	193
529500000	187
529600000	191
529700000	177
529800000	182
529900000	198
530000000	165
530100000	162
530200000	168
530300000	162
530400000	185
530500000	161
530600000	172
530700000	184
530800000	161
530900000	148
531000000	178
531100000	184
531200000	168
531300000	180
531400000	178
531500000	157
531600000	177
531700000	166
531800000	186
531900000	165
532000000	192
532100000	182
532200000	175
532300000	172
532400000	172
532500000	174
532600000	184
532700000	173
532800000	191
532900000	189
533000000	132
533100000	164
533200000	173
533300000	165
533400000	159
533500000	192
533600000	176
533700000	160
533800000	177
533900000	169
534000000	184
534100000	156
534200000	179
534300000	173
534400000	152
534500000	166
534600000	175
534700000	174
534800000	184
534900000	169
535000000	176
535100000	167
535200000	171
535300000	172
535400000	165
535500000	166
535600000	173
535700000	198
535800000	186
535900000	148
536000000	214
536100000	164
536200000	162
536300000	173
536400000	177
536500000	160
536600000	154
536700000	161
536800000	169
536900000	167
537000000	149
537100000	185
537200000	171
537300000	139
537400000	171
537500000	157
537600000	176
537700000	149
537800000	154
537900000	169
538000000	176
538100000	185
538200000	138
538300000	174
538400000	172
538500000	173
538600000	172
538700000	162
538800000	176
538900000	190
539000000	163
539100000	154
539200000	168
539300000	156
539400000	146
539500000	157
539600000	164
539700000	162
539800000	150
539900000	163
540000000	168
540100000	148
540200000	141
540300000	150
540400000	160
540500000	168
540600000	158
540700000	160
540800000	173
540900000	184
541000000	170
541100000	154
541200000	140
541300000	143
541400000	178
541500000	132
541600000	153
541700000	143
541800000	156
541900000	174
542000000	150
542100000	183
542200000	134
542300000	158
542400000	151
542500000	138
542600000	171
542700000	156
542800000	151
542900000	150
543000000	147
543100000	165
543200000	169
543300000	174
543400000	156
543500000	130
543600000	163
543700000	160
543800000	167
543900000	163
544000000	141
544100000	159
544200000	152
544300000	164
544400000	123
544500000	150
544600000	146
544700000	156
544800000	152
544900000	151
545000000	145
545100000	160
545200000	151
545300000	143
545400000	137
545500000	147
545600000	156
545700000	160
545800000	155
545900000	167
546000000	175
546100000	163
546200000	143
546300000	137
546400000	120
546500000	154
546600000	138
546700000	134
546800000	151
546900000	141
547000000	149
547100000	166
547200000	144
547300000	149
547400000	139
547500000	150
547600000	139
547700000	149
547800000	163
547900000	142
548000000	145
548100000	174
548200000	151
548300000	150
548400000	143
548500000	163
548600000	150
548700000	146
548800000	150
548900000	157
549000000	145
549100000	162
549200000	136
549300000	149
549400000	140
549500000	157
549600000	171
549700000	128
549800000	162
549900000	137
550000000	149
550100000	135
550200000	154
550300000	149
550400000	168
550500000	162
550600000	132
550700000	140
550800000	150
550900000	139
551000000	157
551100000	144
551200000	131
551300000	155
551400000	146
551500000	156
551600000	148
551700000	158
551800000	135
551900000	124
552000000	157
552100000	137
552200000	127
552300000	154
552400000	148
552500000	143
552600000	146
552700000	137
552800000	134
552900000	139
553000000	136
553100000	161
553200000	161
553300000	151
553400000	160
553500000	131
553600000	141
553700000	118
553800000	134
553900000	151
554000000	139
554100000	160
554200000	135
554300000	143
554400000	139
554500000	124
554600000	124
554700000	137
554800000	123
554900000	140
555000000	130
555100000	174
555200000	119
555300000	143
555400000	124
555500000	140
555600000	140
555700000	130
555800000	143
555900000	141
556000000	130
556100000	145
556200000	114
556300000	128
556400000	149
556500000	138
556600000	137
556700000	132
556800000	119
556900000	117
557000000	129
557100000	114
557200000	152
557300000	125
557400000	123
557500000	132
557600000	130
557700000	128
557800000	146
557900000	133
558000000	128
558100000	121
558200000	138
558300000	160
558400000	135
558500000	142
558600000	119
558700000	145
558800000	136
558900000	148
559000000	139
559100000	124
559200000	121
559300000	130
559400000	120
559500000	142
559600000	137
559700000	132
559800000	101
559900000	119
560000000	111
560100000	138
560200000	130
560300000	122
560400000	114
560500000	147
560600000	147
560700000	126
560800000	157
560900000	134
561000000	137
561100000	123
561200000	139
561300000	157
561400000	152
561500000	121
561600000	132
561700000	121
561800000	138
561900000	140
562000000	127
562100000	126
562200000	118
562300000	127
562400000	121
562500000	124
562600000	135
562700000	102
562800000	115
562900000	131
563000000	119
563100000	127
563200000	119
563300000	123
563400000	82
563500000	138
563600000	116
563700000	131
563800000	129
563900000	123
564000000	115
564100000	111
564200000	125
564300000	120
564400000	122
564500000	141
564600000	137
564700000	136
564800000	111
564900000	117
565000000	122
565100000	125
565200000	128
565300000	122
565400000	111
565500000	120
565600000	131
565700000	145
565800000	125
565900000	136
566000000	120
566100000	122
566200000	124
566300000	119
566400000	114
566500000	104
566600000	102
566700000	130
566800000	121
566900000	157
567000000	107
567100000	124
567200000	115
567300000	117
567400000	127
567500000	107
567600000	123
567700000	106
567800000	132
567900000	119
568000000	111
568100000	149
568200000	109
568300000	114
568400000	131
568500000	123
568600000	95
568700000	127
568800000	119
568900000	123
569000000	116
569100000	102
569200000	135
569300000	131
569400000	120
569500000	118
569600000	106
569700000	129
569800000	142
569900000	149
570000000	111
570100000	120
570200000	123
570300000	109
570400000	130
570500000	112
570600000	108
570700000	104
570800000	128
570900000	112
571000000	124
571100000	117
571200000	98
571300000	98
571400000	131
571500000	135
571600000	123
571700000	107
571800000	106
571900000	123
572000000	113
572100000	133
572200000	106
572300000	104
572400000	85
572500000	125
572600000	112
572700000	111
572800000	104
572900000	116
573000000	108
573100000	109
573200000	111
573300000	119
573400000	112
573500000	107
573600000	112
573700000	111
573800000	99
573900000	96
574000000	108
574100000	109
574200000	98
574300000	107
574400000	121
574500000	108
574600000	109
574700000	119
574800000	121
574900000	124
575000000	113
575100000	112
575200000	112
575300000	116
575400000	87
575500000	99
575600000	103
575700000	85
575800000	96
575900000	127
576000000	119
576100000	110
576200000	118
576300000	116
576400000	91
576500000	95
576600000	123
576700000	108
576800000	94
576900000	125
577000000	97
577100000	117
577200000	105
577300000	129
577400000	103
577500000	105
577600000	118
577700000	107
577800000	89
577900000	113
578000000	101
578100000	98
578200000	112
578300000	96
578400000	134
578500000	98
578600000	115
578700000	112
578800000	114
578900000	106
579000000	99
579100000	124
579200000	113
579300000	100
579400000	87
579500000	95
579600000	102
579700000	123
579800000	107
579900000	117
580000000	117
580100000	111
580200000	138
580300000	97
580400000	109
580500000	104
580600000	98
580700000	106
580800000	89
580900000	103
581000000	104
581100000	98
581200000	109
581300000	101
581400000	103
581500000	101
581600000	112
581700000	105
581800000	110
581900000	95
582000000	96
582100000	105
582200000	119
582300000	105
582400000	108
582500000	107
582600000	98
582700000	104
582800000	109
582900000	98
583000000	95
583100000	96
583200000	108
583300000	93
583400000	107
583500000	104
583600000	83
583700000	121
583800000	110
583900000	89
584000000	97
584100000	85
584200000	94
584300000	96
584400000	95
584500000	117
584600000	86
584700000	90
584800000	113
584900000	101
585000000	94
585100000	87
585200000	115
585300000	106
585400000	100
585500000	97
585600000	84
585700000	110
585800000	102
585900000	108
586000000	108
586100000	100
586200000	112
586300000	101
586400000	118
586500000	100
586600000	106
586700000	87
586800000	111
586900000	100
587000000	98
587100000	88
587200000	112
587300000	86
587400000	105
587500000	112
587600000	118
587700000	97
587800000	87
587900000	99
588000000	111
588100000	85
588200000	80
588300000	104
588400000	92
588500000	89
588600000	99
588700000	109
588800000	84
588900000	97
589000000	99
589100000	102
589200000	93
589300000	91
589400000	91
589500000	99
589600000	86
589700000	111
589800000	98
589900000	84
590000000	83
590100000	84
590200000	91
590300000	76
590400000	96
590500000	90
590600000	97
590700000	100
590800000	94
590900000	94
591000000	110
591100000	111
591200000	102
591300000	109
591400000	111
591500000	91
591600000	117
591700000	80
591800000	104
591900000	89
592000000	83
592100000	98
592200000	81
592300000	106
592400000	80
592500000	95
592600000	90
592700000	86
592800000	116
592900000	104
593000000	96
593100000	93
593200000	87
593300000	90
593400000	107
593500000	92
593600000	94
593700000	85
593800000	93
593900000	97
594000000	83
594100000	79
594200000	97
594300000	90
594400000	108
594500000	90
594600000	94
594700000	92
594800000	77
594900000	74
595000000	87
595100000	82
595200000	88
595300000	88
595400000	79
595500000	91
595600000	103
595700000	86
595800000	94
595900000	84
596000000	97
596100000	92
596200000	90
596300000	99
596400000	84
596500000	74
596600000	76
596700000	79
596800000	96
596900000	104
597000000	84
597100000	89
597200000	73
597300000	98
597400000	87
597500000	104
597600000	93
597700000	87
597800000	96
597900000	89
598000000	96
598100000	94
598200000	95
598300000	86
598400000	101
598500000	89
598600000	85
598700000	78
598800000	103
598900000	80
599000000	81
599100000	80
599200000	79
599300000	103
599400000	74
599500000	85
599600000	96
599700000	84
599800000	77
599900000	87
