"Time (ps)"	"Counts per bin"
0	4031
50000	3866
100000	3959
150000	3904
200000	4086
250000	3973
300000	3911
350000	3960
400000	3996
450000	4034
500000	3918
550000	3897
600000	3935
650000	3979
700000	3986
750000	4017
800000	4004
850000	3930
900000	4078
950000	4037
1000000	3957
1050000	4157
1100000	3952
1150000	3849
1200000	4059
1250000	3996
1300000	3971
1350000	4103
1400000	3931
1450000	4093
1500000	4008
1550000	4141
1600000	3952
1650000	3905
1700000	4031
1750000	4030
1800000	3906
1850000	3945
1900000	3877
1950000	3985
2000000	4053
2050000	3960
2100000	3988
2150000	3966
2200000	4073
2250000	4024
2300000	3973
2350000	4019
2400000	3938
2450000	3948
2500000	3943
2550000	3876
2600000	3981
2650000	3955
2700000	4038
2750000	3957
2800000	3858
2850000	4022
2900000	3926
2950000	3893
3000000	3818
3050000	3944
3100000	3950
3150000	3990
3200000	3931
3250000	3844
3300000	3945
3350000	3885
3400000	3874
3450000	3857
3500000	3800
3550000	3840
3600000	3924
3650000	3850
3700000	3955
3750000	3861
3800000	3844
3850000	3802
3900000	3845
3950000	3840
4000000	3804
4050000	3877
4100000	3929
4150000	3877
4200000	3727
4250000	3806
4300000	3816
4350000	3798
4400000	3736
4450000	3820
4500000	3738
4550000	3699
4600000	3824
4650000	3880
4700000	3726
4750000	3773
4800000	3803
4850000	3722
4900000	3798
4950000	3713
5000000	3688
5050000	3709
5100000	3797
5150000	3729
5200000	3651
5250000	3708
5300000	3739
5350000	3772
5400000	3831
5450000	3729
5500000	3714
5550000	3801
5600000	3655
5650000	3583
5700000	3692
5750000	3685
5800000	3738
5850000	3744
5900000	3634
5950000	3712
6000000	3576
6050000	3738
6100000	3728
6150000	3690
6200000	3676
6250000	3578
6300000	3681
6350000	3598
6400000	3644
6450000	3653
6500000	3589
6550000	3548
6600000	3531
6650000	3636
6700000	3574
6750000	3601
6800000	3578
6850000	3515
6900000	3532
6950000	3640
7000000	3560
7050000	3639
7100000	3566
7150000	3618
7200000	3545
7250000	3577
7300000	3506
7350000	3506
7400000	3567
7450000	3503
7500000	3538
7550000	3488
7600000	3556
7650000	3388
7700000	3473
7750000	3380
7800000	3495
7850000	3446
7900000	3487
7950000	3526
8000000	3614
8050000	3312
8100000	3459
8150000	3445
8200000	3442
8250000	3404
8300000	3403
8350000	3512
8400000	3454
8450000	3373
8500000	3360
8550000	3558
8600000	3479
8650000	3394
8700000	3486
8750000	3360
8800000	3337
8850000	3347
8900000	3422
8950000	3450
9000000	3408
9050000	3360
9100000	3339
9150000	3425
9200000	3260
9250000	3349
9300000	3357
9350000	3314
9400000	3260
9450000	3300
9500000	3274
9550000	3338
9600000	3330
9650000	3345
9700000	3348
9750000	3253
9800000	3314
9850000	3248
9900000	3229
9950000	3401
10000000	3357
10050000	3342
10100000	3345
10150000	3316
10200000	3290
10250000	3180
10300000	3329
10350000	3240
10400000	3345
10450000	3241
10500000	3173
10550000	3233
10600000	3228
10650000	3267
10700000	3342
10750000	3273
10800000	3192
10850000	3229
10900000	3211
10950000	3185
11000000	3130
11050000	3256
11100000	3192
11150000	3346
11200000	3110
11250000	3132
11300000	3172
11350000	3104
11400000	3111
11450000	3121
11500000	3081
11550000	3106
11600000	3182
11650000	3174
11700000	3063
11750000	3138
11800000	3144
11850000	3035
11900000	3090
11950000	3045
12000000	3124
12050000	3158
12100000	3071
12150000	3102
12200000	3103
12250000	3113
12300000	3057
12350000	3084
12400000	3068
12450000	2999
12500000	2975
12550000	3077
12600000	3039
12650000	3046
12700000	3128
12750000	3020
12800000	3033
12850000	3103
12900000	3086
12950000	2945
13000000	3085
13050000	2934
13100000	3015
13150000	3006
13200000	2923
13250000	3002
13300000	2926
13350000	3018
13400000	2952
13450000	2925
13500000	2961
13550000	3046
13600000	2983
13650000	2943
13700000	2936
13750000	2977
13800000	2886
13850000	2898
13900000	2951
13950000	2845
14000000	2992
14050000	2925
14100000	2922
14150000	2817
14200000	2921
14250000	2878
14300000	2882
14350000	2930
14400000	2882
14450000	2867
14500000	2919
14550000	2764
14600000	2918
14650000	2779
14700000	2760
14750000	2795
14800000	2866
14850000	2766
14900000	2892
14950000	2811
15000000	2827
15050000	2867
15100000	2728
15150000	2739
15200000	2746
15250000	2801
15300000	2683
15350000	2856
15400000	2773
15450000	2722
15500000	2793
15550000	2757
15600000	2747
15650000	2732
15700000	2751
15750000	2726
15800000	2732
15850000	2760
15900000	2890
15950000	2691
16000000	2732
16050000	2740
16100000	2743
16150000	2718
16200000	2733
16250000	2682
16300000	2654
16350000	2783
16400000	2683
16450000	2708
16500000	2663
16550000	2662
16600000	2712
16650000	2661
16700000	2744
16750000	2746
16800000	2646
16850000	2681
16900000	2541
16950000	2712
17000000	2673
17050000	2639
17100000	2640
17150000	2663
17200000	2660
17250000	2699
17300000	2568
17350000	2599
17400000	2628
17450000	2636
17500000	2593
17550000	2579
17600000	2604
17650000	2586
17700000	2673
17750000	2610
17800000	2601
17850000	2634
17900000	2544
17950000	2601
18000000	2559
18050000	2587
18100000	2519
18150000	2551
18200000	2517
18250000	2606
18300000	2502
18350000	2528
18400000	2556
18450000	2464
18500000	2588
18550000	2520
18600000	2565
18650000	2439
18700000	2473
18750000	2367
18800000	2462
18850000	2597
18900000	2440
18950000	2413
19000000	2538
19050000	2463
19100000	2524
19150000	2492
19200000	2573
19250000	2545
19300000	2611
19350000	2409
19400000	2545
19450000	2402
19500000	2422
19550000	2493
19600000	2535
19650000	2395
19700000	2368
19750000	2460
19800000	2441
19850000	2457
19900000	2394
19950000	2343
20000000	2383
20050000	2434
20100000	2432
20150000	2440
20200000	2393
20250000	2402
20300000	2405
20350000	2439
20400000	2386
20450000	2314
20500000	2393
20550000	2403
20600000	2396
20650000	2305
20700000	2367
20750000	2346
20800000	2366
20850000	2368
20900000	2375
20950000	2433
21000000	2341
21050000	2372
21100000	2315
21150000	2423
21200000	2318
21250000	2364
21300000	2305
21350000	2307
21400000	2289
21450000	2323
21500000	2324
21550000	2269
21600000	2312
21650000	2351
21700000	2294
21750000	2247
21800000	2332
21850000	2188
21900000	2306
21950000	2282
22000000	2222
22050000	2327
22100000	2225
22150000	2287
22200000	2228
22250000	2237
22300000	2128
22350000	2220
22400000	2204
22450000	2141
22500000	2212
22550000	2207
22600000	2222
22650000	2350
22700000	2326
22750000	2188
22800000	2184
22850000	2218
22900000	2201
22950000	2314
23000000	2243
23050000	2150
23100000	2081
23150000	2299
23200000	2270
23250000	2172
23300000	2284
23350000	2166
23400000	2193
23450000	2192
23500000	2160
23550000	2212
23600000	2153
23650000	2134
23700000	2113
23750000	2192
23800000	2158
23850000	2181
23900000	2300
23950000	2177
24000000	2188
24050000	2140
24100000	2149
24150000	2153
24200000	2199
24250000	2224
24300000	2058
24350000	2129
24400000	2068
24450000	2078
24500000	2197
24550000	2021
24600000	2091
24650000	2112
24700000	2120
24750000	2172
24800000	2064
24850000	2117
24900000	2022
24950000	2169
25000000	2060
25050000	2072
25100000	2001
25150000	2037
25200000	2072
25250000	2064
25300000	2192
25350000	2113
25400000	2085
25450000	2069
25500000	2048
25550000	2029
25600000	2107
25650000	2041
25700000	2079
25750000	2012
25800000	2075
25850000	2056
25900000	2087
25950000	1988
26000000	2078
26050000	2117
26100000	2035
26150000	1987
26200000	2049
26250000	1971
26300000	2026
26350000	2013
26400000	1996
26450000	1962
26500000	2003
26550000	1992
26600000	2026
26650000	1966
26700000	2023
26750000	1915
26800000	1926
26850000	1915
26900000	2002
26950000	1896
27000000	1944
27050000	2015
27100000	1921
27150000	2017
27200000	1969
27250000	1991
27300000	1901
27350000	1969
27400000	1941
27450000	1907
27500000	1896
27550000	1893
27600000	1953
27650000	1994
27700000	1966
27750000	1882
27800000	1900
27850000	1930
27900000	1907
27950000	1873
28000000	1918
28050000	1924
28100000	1921
28150000	1897
28200000	1949
28250000	1835
28300000	1868
28350000	1896
28400000	1909
28450000	1986
28500000	1872
28550000	1975
28600000	1868
28650000	1988
28700000	1877
28750000	1926
28800000	1933
28850000	1926
28900000	1942
28950000	1870
29000000	1904
29050000	1892
29100000	1836
29150000	1909
29200000	1955
29250000	1821
29300000	1799
29350000	1857
29400000	1875
29450000	1813
29500000	1792
29550000	1818
29600000	1847
29650000	1778
29700000	1898
29750000	1854
29800000	1840
29850000	1654
29900000	1875
29950000	1805
30000000	1829
30050000	1822
30100000	1833
30150000	1845
30200000	1904
30250000	1822
30300000	1833
30350000	1808
30400000	1812
30450000	1858
30500000	1754
30550000	1754
30600000	1797
30650000	1728
30700000	1750
30750000	1731
30800000	1745
30850000	1749
30900000	1778
30950000	1707
31000000	1776
31050000	1710
31100000	1767
31150000	1815
31200000	1785
31250000	1745
31300000	1718
31350000	1724
31400000	1746
31450000	1715
31500000	1754
31550000	1788
31600000	1862
31650000	1814
31700000	1755
31750000	1698
31800000	1744
31850000	1863
31900000	1738
31950000	1714
32000000	1744
32050000	1710
32100000	1722
32150000	1718
32200000	1725
32250000	1744
32300000	1649
32350000	1674
32400000	1736
32450000	1667
32500000	1680
32550000	1718
32600000	1660
32650000	1697
32700000	1669
32750000	1744
32800000	1709
32850000	1705
32900000	1654
32950000	1717
33000000	1670
33050000	1722
33100000	1679
33150000	1650
33200000	1628
33250000	1700
33300000	1709
33350000	1635
33400000	1643
33450000	1558
33500000	1687
33550000	1570
33600000	1611
33650000	1633
33700000	1668
33750000	1655
33800000	1583
33850000	1629
33900000	1665
33950000	1642
34000000	1641
34050000	1668
34100000	1682
34150000	1659
34200000	1698
34250000	1662
34300000	1534
34350000	1628
34400000	1591
34450000	1582
34500000	1683
34550000	1619
34600000	1666
34650000	1606
34700000	1628
34750000	1562
34800000	1516
34850000	1603
34900000	1637
34950000	1603
35000000	1604
35050000	1551
35100000	1635
35150000	1535
35200000	1502
35250000	1563
35300000	1624
35350000	1554
35400000	1584
35450000	1518
35500000	1585
35550000	1593
35600000	1596
35650000	1536
35700000	1502
35750000	1533
35800000	1611
35850000	1539
35900000	1542
35950000	1506
36000000	1561
36050000	1573
36100000	1528
36150000	1481
36200000	1577
36250000	1556
36300000	1506
36350000	1467
36400000	1534
36450000	1497
36500000	1491
36550000	1548
36600000	1547
36650000	1518
36700000	1514
36750000	1533
36800000	1562
36850000	1423
36900000	1517
36950000	1479
37000000	1506
37050000	1562
37100000	1501
37150000	1534
37200000	1519
37250000	1447
37300000	1453
37350000	1503
37400000	1477
37450000	1494
37500000	1508
37550000	1425
37600000	1509
37650000	1461
37700000	1517
37750000	1494
37800000	1491
37850000	1480
37900000	1401
37950000	1472
38000000	1415
38050000	1515
38100000	1495
38150000	1493
38200000	1481
38250000	1405
38300000	1492
38350000	1497
38400000	1455
38450000	1467
38500000	1458
38550000	1429
38600000	1455
38650000	1458
38700000	1454
38750000	1451
38800000	1410
38850000	1518
38900000	1444
38950000	1393
39000000	1444
39050000	1450
39100000	1514
39150000	1396
39200000	1413
39250000	1378
39300000	1403
39350000	1428
39400000	1382
39450000	1420
39500000	1434
39550000	1424
39600000	1376
39650000	1500
39700000	1442
39750000	1416
39800000	1440
39850000	1364
39900000	1423
39950000	1365
40000000	1414
40050000	1480
40100000	1351
40150000	1404
40200000	1343
40250000	1455
40300000	1406
40350000	1442
40400000	1443
40450000	1366
40500000	1347
40550000	1408
40600000	1368
40650000	1393
40700000	1372
40750000	1397
40800000	1337
40850000	1428
40900000	1414
40950000	1331
41000000	1452
41050000	1402
41100000	1358
41150000	1410
41200000	1325
41250000	1401
41300000	1355
41350000	1397
41400000	1355
41450000	1364
41500000	1408
41550000	1399
41600000	1402
41650000	1396
41700000	1335
41750000	1370
41800000	1311
41850000	1286
41900000	1324
41950000	1321
42000000	1406
42050000	1366
42100000	1281
42150000	1331
42200000	1265
42250000	1309
42300000	1302
42350000	1291
42400000	1335
42450000	1341
42500000	1373
42550000	1268
42600000	1313
42650000	1304
42700000	1362
42750000	1368
42800000	1338
42850000	1330
42900000	1318
42950000	1325
43000000	1234
43050000	1285
43100000	1284
43150000	1307
43200000	1234
43250000	1281
43300000	1228
43350000	1293
43400000	1275
43450000	1266
43500000	1309
43550000	1274
43600000	1285
43650000	1267
43700000	1297
43750000	1220
43800000	1240
43850000	1287
43900000	1229
43950000	1284
44000000	1235
44050000	1260
44100000	1351
44150000	1265
44200000	1265
44250000	1300
44300000	1275
44350000	1316
44400000	1262
44450000	1313
44500000	1191
44550000	1265
44600000	1282
44650000	1220
44700000	1246
44750000	1269
44800000	1258
44850000	1320
44900000	1228
44950000	1312
45000000	1163
45050000	1214
45100000	1220
45150000	1291
45200000	1201
45250000	1203
45300000	1231
45350000	1227
45400000	1207
45450000	1242
45500000	1215
45550000	1276
45600000	1260
45650000	1215
45700000	1167
45750000	1224
45800000	1230
45850000	1265
45900000	1227
45950000	1225
46000000	1140
46050000	1158
46100000	1242
46150000	1176
46200000	1167
46250000	1198
46300000	1198
46350000	1223
46400000	1139
46450000	1201
46500000	1272
46550000	1181
46600000	1154
46650000	1191
46700000	1149
46750000	1162
46800000	1154
46850000	1177
46900000	1199
46950000	1197
47000000	1199
47050000	1239
47100000	1217
47150000	1119
47200000	1102
47250000	1154
47300000	1208
47350000	1152
47400000	1142
47450000	1143
47500000	1152
47550000	1224
47600000	1140
47650000	1157
47700000	1184
47750000	1143
47800000	1135
47850000	1183
47900000	1173
47950000	1128
48000000	1142
48050000	1162
48100000	1108
48150000	1130
48200000	1182
48250000	1111
48300000	1152
48350000	1156
48400000	1216
48450000	1159
48500000	1222
48550000	1241
48600000	1161
48650000	1153
48700000	1146
48750000	1124
48800000	1159
48850000	1162
48900000	1173
48950000	1080
49000000	1202
49050000	1152
49100000	1207
49150000	1074
49200000	1061
49250000	1114
49300000	1155
49350000	1138
49400000	1172
49450000	1133
49500000	1083
49550000	1086
49600000	1107
49650000	1099
49700000	1087
49750000	1104
49800000	1096
49850000	1115
49900000	1135
49950000	1087
