"Time (ps)"	"Counts per bin"
0	3754
100000	3646
200000	3634
300000	3730
400000	3649
500000	3790
600000	3727
700000	3638
800000	3583
900000	3676
1000000	3617
1100000	3681
1200000	3663
1300000	3635
1400000	3678
1500000	3672
1600000	3625
1700000	3728
1800000	3669
1900000	3754
2000000	3711
2100000	3600
2200000	3601
2300000	3647
2400000	3655
2500000	3634
2600000	3668
2700000	3539
2800000	3580
2900000	3679
3000000	3597
3100000	3617
3200000	3583
3300000	3576
3400000	3597
3500000	3606
3600000	3527
3700000	3555
3800000	3586
3900000	3587
4000000	3505
4100000	3576
4200000	3565
4300000	3531
4400000	3518
4500000	3551
4600000	3513
4700000	3461
4800000	3456
4900000	3517
5000000	3413
5100000	3447
5200000	3484
5300000	3488
5400000	3426
5500000	3541
5600000	3364
5700000	3340
5800000	3378
5900000	3417
6000000	3460
6100000	3360
6200000	3321
6300000	3413
6400000	3406
6500000	3342
6600000	3383
6700000	3257
6800000	3250
6900000	3359
7000000	3313
7100000	3365
7200000	3411
7300000	3301
7400000	3302
7500000	3210
7600000	3336
7700000	3207
7800000	3161
7900000	3150
8000000	3236
8100000	3101
8200000	3193
8300000	3246
8400000	3194
8500000	3185
8600000	3031
8700000	3170
8800000	3113
8900000	3065
9000000	3102
9100000	3107
9200000	3192
9300000	3111
9400000	3093
9500000	3005
9600000	3123
9700000	3090
9800000	3060
9900000	3054
10000000	3166
10100000	3059
10200000	2989
10300000	3005
10400000	2988
10500000	3028
10600000	2979
10700000	3031
10800000	3000
10900000	2956
11000000	2959
11100000	2940
11200000	2920
11300000	2970
11400000	2928
11500000	2869
11600000	2804
11700000	2801
11800000	2828
11900000	2795
12000000	2829
12100000	2840
12200000	2853
12300000	2757
12400000	2898
12500000	2819
12600000	2792
12700000	2860
12800000	2709
12900000	2724
13000000	2846
13100000	2780
13200000	2781
13300000	2646
13400000	2738
13500000	2781
13600000	2603
13700000	2787
13800000	2769
13900000	2733
14000000	2732
14100000	2722
14200000	2702
14300000	2704
14400000	2602
14500000	2710
14600000	2786
14700000	2674
14800000	2654
14900000	2539
15000000	2620
15100000	2578
15200000	2599
15300000	2641
15400000	2574
15500000	2586
15600000	2440
15700000	2553
15800000	2571
15900000	2542
16000000	2567
16100000	2553
16200000	2440
16300000	2459
16400000	2503
16500000	2506
16600000	2409
16700000	2432
16800000	2521
16900000	2478
17000000	2450
17100000	2497
17200000	2442
17300000	2419
17400000	2328
17500000	2437
17600000	2422
17700000	2437
17800000	2335
17900000	2464
18000000	2301
18100000	2356
18200000	2365
18300000	2407
18400000	2248
18500000	2358
18600000	2402
18700000	2311
18800000	2267
18900000	2307
19000000	2338
19100000	2213
19200000	2344
19300000	2253
19400000	2355
19500000	2279
19600000	2253
19700000	2198
19800000	2221
19900000	2275
20000000	2266
20100000	2150
20200000	2231
20300000	2157
20400000	2173
20500000	2292
20600000	2162
20700000	2173
20800000	2125
20900000	2188
21000000	2132
21100000	2184
21200000	2194
21300000	2161
21400000	2180
21500000	2131
21600000	2152
21700000	2076
21800000	2150
21900000	2134
22000000	2098
22100000	2080
22200000	1969
22300000	2071
22400000	2099
22500000	2090
22600000	2079
22700000	2058
22800000	2170
22900000	2035
23000000	1926
23100000	2018
23200000	2027
23300000	2015
23400000	2033
23500000	1985
23600000	2034
23700000	2064
23800000	1974
23900000	1968
24000000	2060
24100000	1964
24200000	2039
24300000	1997
24400000	1943
24500000	2018
24600000	2001
24700000	2053
24800000	1898
24900000	1996
25000000	1915
25100000	1964
25200000	1945
25300000	1912
25400000	2004
25500000	1849
25600000	1853
25700000	1913
25800000	1955
25900000	1909
26000000	1863
26100000	1875
26200000	1815
26300000	1881
26400000	1855
26500000	1794
26600000	1945
26700000	1790
26800000	1778
26900000	1837
27000000	1827
27100000	1794
27200000	1752
27300000	1796
27400000	1791
27500000	1751
27600000	1747
27700000	1734
27800000	1705
27900000	1818
28000000	1734
28100000	1691
28200000	1796
28300000	1725
28400000	1773
28500000	1761
28600000	1725
28700000	1669
28800000	1762
28900000	1758
29000000	1797
29100000	1758
29200000	1652
29300000	1747
29400000	1707
29500000	1601
29600000	1792
29700000	1682
29800000	1692
29900000	1676
30000000	1729
30100000	1636
30200000	1640
30300000	1664
30400000	1613
30500000	1628
30600000	1649
30700000	1611
30800000	1686
30900000	1659
31000000	1653
31100000	1667
31200000	1681
31300000	1650
31400000	1645
31500000	1625
31600000	1508
31700000	1601
31800000	1647
31900000	1569
32000000	1565
32100000	1546
32200000	1591
32300000	1615
32400000	1563
32500000	1535
32600000	1588
32700000	1534
32800000	1558
32900000	1557
33000000	1577
33100000	1579
33200000	1542
33300000	1540
33400000	1450
33500000	1447
33600000	1577
33700000	1509
33800000	1467
33900000	1438
34000000	1526
34100000	1590
34200000	1544
34300000	1521
34400000	1450
34500000	1513
34600000	1534
34700000	1453
34800000	1461
34900000	1432
35000000	1510
35100000	1467
35200000	1531
35300000	1412
35400000	1503
35500000	1421
35600000	1443
35700000	1484
35800000	1500
35900000	1431
36000000	1383
36100000	1479
36200000	1449
36300000	1457
36400000	1375
36500000	1444
36600000	1433
36700000	1434
36800000	1390
36900000	1377
37000000	1422
37100000	1359
37200000	1341
37300000	1414
37400000	1347
37500000	1409
37600000	1405
37700000	1311
37800000	1382
37900000	1332
38000000	1329
38100000	1361
38200000	1344
38300000	1391
38400000	1309
38500000	1357
38600000	1372
38700000	1374
38800000	1331
38900000	1323
39000000	1349
39100000	1322
39200000	1323
39300000	1320
39400000	1311
39500000	1316
39600000	1305
39700000	1297
39800000	1304
39900000	1243
40000000	1327
40100000	1306
40200000	1265
40300000	1309
40400000	1269
40500000	1255
40600000	1255
40700000	1285
40800000	1309
40900000	1300
41000000	1243
41100000	1260
41200000	1222
41300000	1211
41400000	1282
41500000	1209
41600000	1249
41700000	1243
41800000	1233
41900000	1279
42000000	1230
42100000	1240
42200000	1191
42300000	1264
42400000	1181
42500000	1239
42600000	1180
42700000	1227
42800000	1241
42900000	1226
43000000	1219
43100000	1159
43200000	1182
43300000	1179
43400000	1180
43500000	1159
43600000	1194
43700000	1164
43800000	1194
43900000	1212
44000000	1201
44100000	1169
44200000	1124
44300000	1191
44400000	1192
44500000	1169
44600000	1098
44700000	1139
44800000	1187
44900000	1166
45000000	1132
45100000	1144
45200000	1160
45300000	1114
45400000	1141
45500000	1174
45600000	1104
45700000	1108
45800000	1111
45900000	1103
46000000	1139
46100000	1109
46200000	1047
46300000	1149
46400000	1100
46500000	1083
46600000	1111
46700000	1097
46800000	1020
46900000	1030
47000000	1070
47100000	1084
47200000	1150
47300000	1042
47400000	1117
47500000	1088
47600000	1076
47700000	1087
47800000	1091
47900000	1070
48000000	1067
48100000	1046
48200000	1063
48300000	1080
48400000	1108
48500000	1013
48600000	1114
48700000	1120
48800000	1098
48900000	1072
49000000	1022
49100000	1021
49200000	1038
49300000	1034
49400000	1065
49500000	1020
49600000	1070
49700000	1006
49800000	1068
49900000	1014
50000000	1015
50100000	1021
50200000	988
50300000	975
50400000	1057
50500000	1016
50600000	1008
50700000	1079
50800000	1070
50900000	1023
51000000	955
51100000	1018
51200000	1015
51300000	1048
51400000	993
51500000	1005
51600000	944
51700000	993
51800000	1030
51900000	984
52000000	1008
52100000	984
52200000	978
52300000	958
52400000	952
52500000	946
52600000	928
52700000	979
52800000	965
52900000	957
53000000	912
53100000	994
53200000	970
53300000	966
53400000	1007
53500000	981
53600000	932
53700000	946
53800000	944
53900000	937
54000000	960
54100000	1017
54200000	920
54300000	904
54400000	934
54500000	915
54600000	931
54700000	872
54800000	891
54900000	839
55000000	959
55100000	925
55200000	910
55300000	895
55400000	917
55500000	920
55600000	900
55700000	890
55800000	919
55900000	910
56000000	862
56100000	870
56200000	926
56300000	885
56400000	919
56500000	841
56600000	933
56700000	874
56800000	871
56900000	905
57000000	827
57100000	884
57200000	781
57300000	842
57400000	886
57500000	847
57600000	874
57700000	882
57800000	818
57900000	914
58000000	823
58100000	843
58200000	859
58300000	903
58400000	922
58500000	839
58600000	825
58700000	810
58800000	828
58900000	891
59000000	780
59100000	849
59200000	855
59300000	865
59400000	816
59500000	821
59600000	804
59700000	819
59800000	825
59900000	786
60000000	819
60100000	844
60200000	832
60300000	774
60400000	822
60500000	794
60600000	866
60700000	823
60800000	836
60900000	828
61000000	776
61100000	790
61200000	797
61300000	820
61400000	843
61500000	803
61600000	775
61700000	791
61800000	826
61900000	783
62000000	756
62100000	743
62200000	781
62300000	861
62400000	764
62500000	731
62600000	774
62700000	820
62800000	801
62900000	772
63000000	775
63100000	746
63200000	790
63300000	802
63400000	788
63500000	790
63600000	752
63700000	745
63800000	745
63900000	744
64000000	780
64100000	726
64200000	783
64300000	783
64400000	717
64500000	743
64600000	760
64700000	771
64800000	705
64900000	718
65000000	716
65100000	724
65200000	749
65300000	751
65400000	733
65500000	761
65600000	715
65700000	755
65800000	746
65900000	729
66000000	684
66100000	746
66200000	709
66300000	695
66400000	764
66500000	738
66600000	754
66700000	696
66800000	687
66900000	726
67000000	728
67100000	689
67200000	693
67300000	740
67400000	726
67500000	695
67600000	747
67700000	689
67800000	685
67900000	734
68000000	739
68100000	678
68200000	697
68300000	672
68400000	696
68500000	697
68600000	718
68700000	726
68800000	732
68900000	688
69000000	705
69100000	770
69200000	662
69300000	696
69400000	703
69500000	701
69600000	665
69700000	662
69800000	661
69900000	707
70000000	737
70100000	671
70200000	706
70300000	647
70400000	695
70500000	667
70600000	720
70700000	752
70800000	670
70900000	688
71000000	663
71100000	718
71200000	649
71300000	691
71400000	603
71500000	665
71600000	629
71700000	639
71800000	664
71900000	680
72000000	676
72100000	644
72200000	666
72300000	633
72400000	639
72500000	646
72600000	631
72700000	653
72800000	670
72900000	630
73000000	677
73100000	612
73200000	627
73300000	650
73400000	647
73500000	638
73600000	633
73700000	605
73800000	609
73900000	645
74000000	609
74100000	593
74200000	586
74300000	634
74400000	628
74500000	610
74600000	644
74700000	599
74800000	610
74900000	628
75000000	647
75100000	606
75200000	617
75300000	615
75400000	570
75500000	587
75600000	639
75700000	603
75800000	616
75900000	598
76000000	608
76100000	564
76200000	582
76300000	634
76400000	638
76500000	593
76600000	585
76700000	595
76800000	592
76900000	553
77000000	590
77100000	602
77200000	577
77300000	623
77400000	585
77500000	573
77600000	548
77700000	573
77800000	587
77900000	578
78000000	560
78100000	581
78200000	612
78300000	617
78400000	561
78500000	596
78600000	643
78700000	587
78800000	533
78900000	575
79000000	587
79100000	595
79200000	562
79300000	573
79400000	585
79500000	594
79600000	567
79700000	606
79800000	554
79900000	594
80000000	568
80100000	553
80200000	538
80300000	561
80400000	518
80500000	563
80600000	550
80700000	540
80800000	551
80900000	587
81000000	489
81100000	553
81200000	545
81300000	566
81400000	534
81500000	585
81600000	558
81700000	557
81800000	530
81900000	561
82000000	521
82100000	572
82200000	528
82300000	493
82400000	542
82500000	536
82600000	504
82700000	548
82800000	518
82900000	499
83000000	505
83100000	510
83200000	540
83300000	539
83400000	534
83500000	530
83600000	551
83700000	548
83800000	545
83900000	523
84000000	565
84100000	544
84200000	520
84300000	481
84400000	495
84500000	502
84600000	474
84700000	511
84800000	518
84900000	542
85000000	543
85100000	510
85200000	520
85300000	485
85400000	524
85500000	511
85600000	484
85700000	493
85800000	494
85900000	511
86000000	555
86100000	531
86200000	548
86300000	543
86400000	502
86500000	534
86600000	513
86700000	489
86800000	497
86900000	486
87000000	520
87100000	508
87200000	497
87300000	488
87400000	480
87500000	502
87600000	525
87700000	494
87800000	453
87900000	507
88000000	515
88100000	493
88200000	497
88300000	499
88400000	495
88500000	477
88600000	487
88700000	486
88800000	511
88900000	468
89000000	473
89100000	474
89200000	492
89300000	529
89400000	472
89500000	486
89600000	486
89700000	444
89800000	480
89900000	505
90000000	488
90100000	452
90200000	479
90300000	480
90400000	454
90500000	497
90600000	507
90700000	451
90800000	512
90900000	469
91000000	460
91100000	473
91200000	494
91300000	445
91400000	412
91500000	455
91600000	432
91700000	409
91800000	481
91900000	432
92000000	426
92100000	452
92200000	469
92300000	461
92400000	427
92500000	497
92600000	479
92700000	478
92800000	491
92900000	415
93000000	441
93100000	477
93200000	473
93300000	448
93400000	441
93500000	442
93600000	418
93700000	463
93800000	428
93900000	444
94000000	482
94100000	479
94200000	444
94300000	465
94400000	432
94500000	445
94600000	445
94700000	427
94800000	439
94900000	436
95000000	456
95100000	455
95200000	415
95300000	450
95400000	429
95500000	431
95600000	421
95700000	430
95800000	480
95900000	428
96000000	410
96100000	465
96200000	446
96300000	442
96400000	425
96500000	436
96600000	439
96700000	399
96800000	407
96900000	431
97000000	408
97100000	409
97200000	455
97300000	443
97400000	400
97500000	400
97600000	424
97700000	379
97800000	410
97900000	428
98000000	415
98100000	400
98200000	393
98300000	443
98400000	461
98500000	447
98600000	408
98700000	403
98800000	422
98900000	395
99000000	436
99100000	408
99200000	394
99300000	424
99400000	383
99500000	444
99600000	407
99700000	424
99800000	404
99900000	433
100000000	435
100100000	399
100200000	397
100300000	366
100400000	404
100500000	415
100600000	406
100700000	425
100800000	372
100900000	396
101000000	393
101100000	385
101200000	403
101300000	375
101400000	396
101500000	377
101600000	404
101700000	389
101800000	411
101900000	415
102000000	396
102100000	405
102200000	413
102300000	392
102400000	420
102500000	424
102600000	441
102700000	407
102800000	433
102900000	410
103000000	425
103100000	410
103200000	416
103300000	448
103400000	420
103500000	452
103600000	444
103700000	438
103800000	474
103900000	462
104000000	432
104100000	467
104200000	455
104300000	453
104400000	491
104500000	491
104600000	482
104700000	490
104800000	490
104900000	495
105000000	468
105100000	444
105200000	545
105300000	486
105400000	494
105500000	520
105600000	502
105700000	552
105800000	505
105900000	512
106000000	516
106100000	568
106200000	577
106300000	576
106400000	547
106500000	524
106600000	554
106700000	542
106800000	593
106900000	593
107000000	574
107100000	604
107200000	605
107300000	555
107400000	638
107500000	651
107600000	614
107700000	661
107800000	623
107900000	595
108000000	619
108100000	649
108200000	647
108300000	656
108400000	680
108500000	674
108600000	664
108700000	686
108800000	724
108900000	719
109000000	684
109100000	666
109200000	697
109300000	645
109400000	763
109500000	733
109600000	740
109700000	776
109800000	774
109900000	770
110000000	732
110100000	777
110200000	803
110300000	806
110400000	799
110500000	814
110600000	872
110700000	830
110800000	819
110900000	817
111000000	834
111100000	840
111200000	842
111300000	882
111400000	906
111500000	888
111600000	898
111700000	870
111800000	899
111900000	902
112000000	905
112100000	918
112200000	941
112300000	890
112400000	902
112500000	939
112600000	954
112700000	905
112800000	971
112900000	954
113000000	981
113100000	1005
113200000	1049
113300000	1018
113400000	1039
113500000	991
113600000	957
113700000	996
113800000	1071
113900000	984
114000000	1024
114100000	1027
114200000	1122
114300000	1021
114400000	1041
114500000	1042
114600000	1116
114700000	1084
114800000	1063
114900000	1031
115000000	1098
115100000	1131
115200000	1084
115300000	1143
115400000	1122
115500000	1152
115600000	1197
115700000	1112
115800000	1170
115900000	1171
116000000	1188
116100000	1200
116200000	1180
116300000	1179
116400000	1227
116500000	1243
116600000	1212
116700000	1260
116800000	1191
116900000	1255
117000000	1221
117100000	1288
117200000	1245
117300000	1347
117400000	1332
117500000	1249
117600000	1351
117700000	1310
117800000	1290
117900000	1279
118000000	1292
118100000	1290
118200000	1305
118300000	1325
118400000	1384
118500000	1347
118600000	1395
118700000	1354
118800000	1374
118900000	1380
119000000	1379
119100000	1375
119200000	1406
119300000	1426
119400000	1380
119500000	1464
119600000	1417
119700000	1418
119800000	1423
119900000	1441
120000000	1396
120100000	1445
120200000	1444
120300000	1416
120400000	1471
120500000	1450
120600000	1461
120700000	1507
120800000	1495
120900000	1402
121000000	1485
121100000	1578
121200000	1542
121300000	1465
121400000	1501
121500000	1519
121600000	1515
121700000	1513
121800000	1542
121900000	1553
122000000	1631
122100000	1607
122200000	1565
122300000	1550
122400000	1584
122500000	1604
122600000	1604
122700000	1542
122800000	1639
122900000	1610
123000000	1558
123100000	1538
123200000	1630
123300000	1659
123400000	1640
123500000	1639
123600000	1561
123700000	1663
123800000	1666
123900000	1645
124000000	1664
124100000	1653
124200000	1667
124300000	1717
124400000	1700
124500000	1683
124600000	1714
124700000	1750
124800000	1734
124900000	1628
125000000	1668
125100000	1736
125200000	1703
125300000	1727
125400000	1711
125500000	1750
125600000	1795
125700000	1710
125800000	1746
125900000	1764
126000000	1875
126100000	1881
126200000	1861
126300000	1778
126400000	1816
126500000	1823
126600000	1904
126700000	1766
126800000	1774
126900000	1744
127000000	1868
127100000	1838
127200000	1867
127300000	1919
127400000	1838
127500000	1873
127600000	1818
127700000	1947
127800000	1886
127900000	1867
128000000	1846
128100000	1966
128200000	1844
128300000	1999
128400000	1902
128500000	1845
128600000	1883
128700000	1960
128800000	1935
128900000	1898
129000000	1941
129100000	1935
129200000	1990
129300000	1925
129400000	1938
129500000	1948
129600000	1948
129700000	1951
129800000	2061
129900000	1987
130000000	1979
130100000	1988
130200000	2046
130300000	2064
130400000	1954
130500000	1978
130600000	2080
130700000	2072
130800000	2013
130900000	2021
131000000	2008
131100000	2076
131200000	2010
131300000	2072
131400000	2045
131500000	1979
131600000	2068
131700000	2108
131800000	2016
131900000	2077
132000000	2112
132100000	2121
132200000	2130
132300000	2031
132400000	2145
132500000	2198
132600000	2151
132700000	2143
132800000	2182
132900000	2162
133000000	2195
133100000	2096
133200000	2144
133300000	2102
133400000	2173
133500000	2199
133600000	2112
133700000	2244
133800000	2176
133900000	2245
134000000	2126
134100000	2268
134200000	2167
134300000	2167
134400000	2140
134500000	2209
134600000	2118
134700000	2247
134800000	2289
134900000	2280
135000000	2126
135100000	2176
135200000	2219
135300000	2199
135400000	2251
135500000	2306
135600000	2327
135700000	2169
135800000	2301
135900000	2268
136000000	2284
136100000	2247
136200000	2295
136300000	2314
136400000	2263
136500000	2271
136600000	2301
136700000	2278
136800000	2242
136900000	2359
137000000	2324
137100000	2310
137200000	2409
137300000	2303
137400000	2296
137500000	2353
137600000	2393
137700000	2352
137800000	2296
137900000	2359
138000000	2374
138100000	2335
138200000	2313
138300000	2282
138400000	2275
138500000	2358
138600000	2394
138700000	2376
138800000	2323
138900000	2452
139000000	2344
139100000	2400
139200000	2408
139300000	2408
139400000	2461
139500000	2312
139600000	2460
139700000	2339
139800000	2428
139900000	2414
140000000	2432
140100000	2411
140200000	2460
140300000	2487
140400000	2366
140500000	2413
140600000	2506
140700000	2422
140800000	2440
140900000	2459
141000000	2413
141100000	2426
141200000	2554
141300000	2503
141400000	2609
141500000	2434
141600000	2527
141700000	2443
141800000	2462
141900000	2459
142000000	2458
142100000	2512
142200000	2440
142300000	2579
142400000	2564
142500000	2381
142600000	2400
142700000	2455
142800000	2500
142900000	2581
143000000	2544
143100000	2525
143200000	2560
143300000	2621
143400000	2547
143500000	2570
143600000	2531
143700000	2561
143800000	2553
143900000	2567
144000000	2582
144100000	2579
144200000	2531
144300000	2589
144400000	2535
144500000	2682
144600000	2580
144700000	2540
144800000	2639
144900000	2561
145000000	2536
145100000	2619
145200000	2610
145300000	2550
145400000	2600
145500000	2679
145600000	2655
145700000	2663
145800000	2599
145900000	2695
146000000	2603
146100000	2601
146200000	2754
146300000	2637
146400000	2590
146500000	2766
146600000	2608
146700000	2639
146800000	2632
146900000	2774
147000000	2755
147100000	2692
147200000	2653
147300000	2658
147400000	2659
147500000	2615
147600000	2692
147700000	2613
147800000	2712
147900000	2731
148000000	2781
148100000	2512
148200000	2666
148300000	2712
148400000	2720
148500000	2683
148600000	2738
148700000	2676
148800000	2740
148900000	2856
149000000	2763
149100000	2779
149200000	2803
149300000	2659
149400000	2691
149500000	2744
149600000	2701
149700000	2651
149800000	2729
149900000	2890
150000000	2747
150100000	2866
150200000	2673
150300000	2818
150400000	2693
150500000	2779
150600000	2703
150700000	2845
150800000	2763
150900000	2857
151000000	2716
151100000	2860
151200000	2856
151300000	2759
151400000	2726
151500000	2833
151600000	2916
151700000	2860
151800000	2751
151900000	2787
152000000	2853
152100000	2803
152200000	2792
152300000	2828
152400000	2893
152500000	2833
152600000	2824
152700000	2790
152800000	2906
152900000	2851
153000000	2827
153100000	2837
153200000	2834
153300000	2837
153400000	2979
153500000	2838
153600000	2879
153700000	2888
153800000	2837
153900000	2818
154000000	2885
154100000	2851
154200000	2814
154300000	2903
154400000	2917
154500000	2878
154600000	2901
154700000	2819
154800000	2860
154900000	2841
155000000	2953
155100000	2871
155200000	3038
155300000	2957
155400000	2867
155500000	2944
155600000	2907
155700000	2978
155800000	2935
155900000	3001
156000000	3023
156100000	2896
156200000	2955
156300000	2962
156400000	2927
156500000	2989
156600000	2920
156700000	2995
156800000	3099
156900000	2933
157000000	2991
157100000	2997
157200000	2971
157300000	3031
157400000	3052
157500000	2990
157600000	2962
157700000	2952
157800000	3068
157900000	2913
158000000	3012
158100000	3017
158200000	2942
158300000	2990
158400000	3009
158500000	2988
158600000	2940
158700000	2966
158800000	2955
158900000	3076
159000000	2983
159100000	3007
159200000	3018
159300000	3034
159400000	3109
159500000	2971
159600000	3049
159700000	3018
159800000	3005
159900000	3010
160000000	3055
160100000	2922
160200000	3040
160300000	3022
160400000	3097
160500000	3115
160600000	3083
160700000	3046
160800000	3009
160900000	3122
161000000	2980
161100000	3106
161200000	3100
161300000	3106
161400000	3105
161500000	3020
161600000	3115
161700000	3171
161800000	3170
161900000	3166
162000000	3114
162100000	3171
162200000	3076
162300000	3055
162400000	3076
162500000	3100
162600000	3128
162700000	3086
162800000	3111
162900000	3110
163000000	3033
163100000	3103
163200000	3046
163300000	3143
163400000	3056
163500000	3071
163600000	3105
163700000	3179
163800000	3157
163900000	3052
164000000	3066
164100000	3165
164200000	3025
164300000	3056
164400000	3171
164500000	3147
164600000	3072
164700000	3193
164800000	3057
164900000	3181
165000000	3205
165100000	3173
165200000	3179
165300000	3185
165400000	3209
165500000	3170
165600000	3173
165700000	3211
165800000	3141
165900000	3362
166000000	3069
166100000	3154
166200000	3149
166300000	3229
166400000	3160
166500000	3179
166600000	3221
166700000	3182
166800000	3205
166900000	3193
167000000	3183
167100000	3262
167200000	3227
167300000	3187
167400000	3178
167500000	3249
167600000	3274
167700000	3203
167800000	3238
167900000	3281
168000000	3238
168100000	3235
168200000	3266
168300000	3168
168400000	3101
168500000	3310
168600000	3222
168700000	3323
168800000	3151
168900000	3191
169000000	3249
169100000	3200
169200000	3315
169300000	3210
169400000	3321
169500000	3280
169600000	3314
169700000	3310
169800000	3208
169900000	3231
170000000	3222
170100000	3359
170200000	3210
170300000	3256
170400000	3304
170500000	3267
170600000	3345
170700000	3235
170800000	3262
170900000	3157
171000000	3381
171100000	3382
171200000	3305
171300000	3199
171400000	3424
171500000	3369
171600000	3313
171700000	3319
171800000	3364
171900000	3273
172000000	3321
172100000	3183
172200000	3284
172300000	3290
172400000	3302
172500000	3263
172600000	3237
172700000	3279
172800000	3329
172900000	3309
173000000	3209
173100000	3271
173200000	3333
173300000	3343
173400000	3330
173500000	3353
173600000	3278
173700000	3442
173800000	3210
173900000	3277
174000000	3285
174100000	3384
174200000	3351
174300000	3311
174400000	3377
174500000	3296
174600000	3397
174700000	3374
174800000	3306
174900000	3424
175000000	3292
175100000	3378
175200000	3274
175300000	3399
175400000	3339
175500000	3347
175600000	3392
175700000	3360
175800000	3387
175900000	3276
176000000	3318
176100000	3335
176200000	3464
176300000	3447
176400000	3443
176500000	3421
176600000	3379
176700000	3389
176800000	3392
176900000	3341
177000000	3416
177100000	3495
177200000	3462
177300000	3407
177400000	3399
177500000	3430
177600000	3466
177700000	3452
177800000	3449
177900000	3423
178000000	3449
178100000	3559
178200000	3454
178300000	3391
178400000	3407
178500000	3404
178600000	3433
178700000	3538
178800000	3367
178900000	3477
179000000	3435
179100000	3358
179200000	3447
179300000	3401
179400000	3472
179500000	3407
179600000	3436
179700000	3388
179800000	3437
179900000	3403
180000000	3486
180100000	3418
180200000	3460
180300000	3423
180400000	3486
180500000	3524
180600000	3528
180700000	3458
180800000	3449
180900000	3500
181000000	3443
181100000	3455
181200000	3482
181300000	3491
181400000	3534
181500000	3498
181600000	3426
181700000	3474
181800000	3417
181900000	3437
182000000	3512
182100000	3464
182200000	3469
182300000	3455
182400000	3526
182500000	3516
182600000	3491
182700000	3431
182800000	3441
182900000	3580
183000000	3508
183100000	3537
183200000	3497
183300000	3480
183400000	3507
183500000	3449
183600000	3518
183700000	3581
183800000	3493
183900000	3517
184000000	3550
184100000	3398
184200000	3455
184300000	3528
184400000	3526
184500000	3575
184600000	3666
184700000	3409
184800000	3554
184900000	3529
185000000	3587
185100000	3491
185200000	3453
185300000	3360
185400000	3417
185500000	3618
185600000	3479
185700000	3503
185800000	3542
185900000	3506
186000000	3452
186100000	3633
186200000	3456
186300000	3598
186400000	3523
186500000	3575
186600000	3495
186700000	3505
186800000	3604
186900000	3605
187000000	3522
187100000	3693
187200000	3476
187300000	3554
187400000	3611
187500000	3525
187600000	3644
187700000	3556
187800000	3548
187900000	3537
188000000	3620
188100000	3544
188200000	3576
188300000	3527
188400000	3526
188500000	3599
188600000	3596
188700000	3522
188800000	3576
188900000	3512
189000000	3606
189100000	3609
189200000	3582
189300000	3598
189400000	3688
189500000	3534
189600000	3549
189700000	3452
189800000	3622
189900000	3612
190000000	3602
190100000	3524
190200000	3558
190300000	3523
190400000	3470
190500000	3623
190600000	3633
190700000	3572
190800000	3638
190900000	3635
191000000	3631
191100000	3538
191200000	3506
191300000	3553
191400000	3554
191500000	3613
191600000	3630
191700000	3653
191800000	3689
191900000	3520
192000000	3588
192100000	3613
192200000	3609
192300000	3646
192400000	3661
192500000	3654
192600000	3596
192700000	3649
192800000	3648
192900000	3702
193000000	3569
193100000	3635
193200000	3676
193300000	3498
193400000	3601
193500000	3601
193600000	3643
193700000	3627
193800000	3545
193900000	3593
194000000	3605
194100000	3650
194200000	3514
194300000	3672
194400000	3651
194500000	3613
194600000	3601
194700000	3570
194800000	3673
194900000	3489
195000000	3666
195100000	3707
195200000	3672
195300000	3556
195400000	3640
195500000	3688
195600000	3601
195700000	3689
195800000	3598
195900000	3641
196000000	3731
196100000	3647
196200000	3700
196300000	3637
196400000	3688
196500000	3729
196600000	3668
196700000	3622
196800000	3590
196900000	3665
197000000	3704
197100000	3657
197200000	3729
197300000	3669
197400000	3629
197500000	3694
197600000	3706
197700000	3728
197800000	3682
197900000	3663
198000000	3631
198100000	3694
198200000	3640
198300000	3638
198400000	3636
198500000	3769
198600000	3693
198700000	3631
198800000	3652
198900000	3657
199000000	3687
199100000	3638
199200000	3565
199300000	3619
199400000	3809
199500000	3637
199600000	3617
199700000	3790
199800000	3782
199900000	3763
200000000	3710
200100000	3684
200200000	3637
200300000	3729
200400000	3648
200500000	3794
200600000	3703
200700000	3637
200800000	3572
200900000	3667
201000000	3663
201100000	3596
201200000	3724
201300000	3644
201400000	3710
201500000	3626
201600000	3648
201700000	3720
201800000	3665
201900000	3734
202000000	3703
202100000	3667
202200000	3561
202300000	3635
202400000	3678
202500000	3663
202600000	3636
202700000	3541
202800000	3592
202900000	3648
203000000	3612
203100000	3621
203200000	3556
203300000	3573
203400000	3605
203500000	3616
203600000	3507
203700000	3589
203800000	3605
203900000	3544
204000000	3522
204100000	3542
204200000	3629
204300000	3489
204400000	3540
204500000	3546
204600000	3519
204700000	3459
204800000	3463
204900000	3507
205000000	3395
205100000	3476
205200000	3494
205300000	3504
205400000	3393
205500000	3520
205600000	3400
205700000	3352
205800000	3376
205900000	3388
206000000	3447
206100000	3351
206200000	3365
206300000	3403
206400000	3402
206500000	3372
206600000	3400
206700000	3217
206800000	3281
206900000	3346
207000000	3293
207100000	3327
207200000	3440
207300000	3330
207400000	3285
207500000	3242
207600000	3321
207700000	3201
207800000	3179
207900000	3108
208000000	3272
208100000	3115
208200000	3182
208300000	3217
208400000	3231
208500000	3169
208600000	3046
208700000	3153
208800000	3144
208900000	3041
209000000	3105
209100000	3093
209200000	3191
209300000	3090
209400000	3113
209500000	3031
209600000	3098
209700000	3093
209800000	3096
209900000	3059
210000000	3124
210100000	3085
210200000	2973
210300000	2991
210400000	3040
210500000	3005
210600000	2968
210700000	3048
210800000	2964
210900000	2980
211000000	2972
211100000	2940
211200000	2941
211300000	2946
211400000	2903
211500000	2877
211600000	2825
211700000	2801
211800000	2855
211900000	2775
212000000	2823
212100000	2823
212200000	2841
212300000	2810
212400000	2877
212500000	2827
212600000	2761
212700000	2864
212800000	2750
212900000	2704
213000000	2839
213100000	2789
213200000	2785
213300000	2658
213400000	2723
213500000	2801
213600000	2624
213700000	2712
213800000	2802
213900000	2729
214000000	2739
214100000	2703
214200000	2750
214300000	2672
214400000	2632
214500000	2672
214600000	2799
214700000	2701
214800000	2632
214900000	2546
215000000	2636
215100000	2573
215200000	2580
215300000	2657
215400000	2584
215500000	2570
215600000	2450
215700000	2541
215800000	2574
215900000	2562
216000000	2532
216100000	2582
216200000	2445
216300000	2465
216400000	2490
216500000	2530
216600000	2392
216700000	2432
216800000	2489
216900000	2466
217000000	2475
217100000	2517
217200000	2445
217300000	2410
217400000	2338
217500000	2417
217600000	2424
217700000	2422
217800000	2372
217900000	2462
218000000	2307
218100000	2305
218200000	2409
218300000	2386
218400000	2280
218500000	2327
218600000	2405
218700000	2335
218800000	2264
218900000	2315
219000000	2293
219100000	2273
219200000	2304
219300000	2269
219400000	2333
219500000	2280
219600000	2297
219700000	2178
219800000	2228
219900000	2261
220000000	2246
220100000	2191
220200000	2224
220300000	2165
220400000	2175
220500000	2270
220600000	2158
220700000	2191
220800000	2140
220900000	2150
221000000	2160
221100000	2212
221200000	2175
221300000	2159
221400000	2165
221500000	2146
221600000	2141
221700000	2066
221800000	2154
221900000	2164
222000000	2060
222100000	2102
222200000	1993
222300000	2055
222400000	2071
222500000	2107
222600000	2098
222700000	2071
222800000	2147
222900000	2035
223000000	1913
223100000	2020
223200000	2024
223300000	2009
223400000	2030
223500000	2016
223600000	2033
223700000	2042
223800000	1959
223900000	2000
224000000	2047
224100000	1976
224200000	2010
224300000	2013
224400000	1957
224500000	2022
224600000	1993
224700000	2067
224800000	1885
224900000	1979
225000000	1937
225100000	1941
225200000	1970
225300000	1897
225400000	1990
225500000	1869
225600000	1884
225700000	1898
225800000	1977
225900000	1893
226000000	1839
226100000	1886
226200000	1828
226300000	1873
226400000	1864
226500000	1787
226600000	1932
226700000	1817
226800000	1775
226900000	1819
227000000	1837
227100000	1777
227200000	1757
227300000	1802
227400000	1807
227500000	1739
227600000	1768
227700000	1705
227800000	1728
227900000	1796
228000000	1744
228100000	1699
228200000	1790
228300000	1732
228400000	1784
228500000	1756
228600000	1725
228700000	1670
228800000	1750
228900000	1770
229000000	1775
229100000	1774
229200000	1660
229300000	1749
229400000	1703
229500000	1610
229600000	1772
229700000	1694
229800000	1689
229900000	1669
230000000	1727
230100000	1641
230200000	1652
230300000	1684
230400000	1581
230500000	1623
230600000	1661
230700000	1642
230800000	1640
230900000	1666
231000000	1650
231100000	1661
231200000	1701
231300000	1645
231400000	1625
231500000	1625
231600000	1554
231700000	1577
231800000	1657
231900000	1566
232000000	1559
232100000	1561
232200000	1571
232300000	1611
232400000	1587
232500000	1547
232600000	1567
232700000	1530
232800000	1571
232900000	1561
233000000	1546
233100000	1595
233200000	1541
233300000	1544
233400000	1440
233500000	1465
233600000	1570
233700000	1522
233800000	1474
233900000	1445
234000000	1514
234100000	1576
234200000	1527
234300000	1541
234400000	1450
234500000	1525
234600000	1516
234700000	1467
234800000	1441
234900000	1446
235000000	1500
235100000	1476
235200000	1523
235300000	1438
235400000	1473
235500000	1420
235600000	1463
235700000	1468
235800000	1515
235900000	1405
236000000	1389
236100000	1470
236200000	1464
236300000	1469
236400000	1372
236500000	1416
236600000	1468
236700000	1437
236800000	1385
236900000	1384
237000000	1404
237100000	1375
237200000	1347
237300000	1399
237400000	1360
237500000	1387
237600000	1423
237700000	1320
237800000	1373
237900000	1327
238000000	1310
238100000	1397
238200000	1324
238300000	1408
238400000	1320
238500000	1338
238600000	1376
238700000	1374
238800000	1321
238900000	1339
239000000	1334
239100000	1324
239200000	1350
239300000	1294
239400000	1337
239500000	1288
239600000	1307
239700000	1304
239800000	1321
239900000	1230
240000000	1317
240100000	1315
240200000	1260
240300000	1298
240400000	1276
240500000	1250
240600000	1268
240700000	1281
240800000	1317
240900000	1307
241000000	1240
241100000	1256
241200000	1206
241300000	1228
241400000	1268
241500000	1214
241600000	1254
241700000	1239
241800000	1231
241900000	1307
242000000	1224
242100000	1207
242200000	1228
242300000	1247
242400000	1203
242500000	1218
242600000	1178
242700000	1212
242800000	1256
242900000	1214
243000000	1235
243100000	1168
243200000	1176
243300000	1166
243400000	1184
243500000	1174
243600000	1175
243700000	1173
243800000	1205
243900000	1215
244000000	1190
244100000	1177
244200000	1127
244300000	1178
244400000	1171
244500000	1190
244600000	1097
244700000	1128
244800000	1180
244900000	1186
245000000	1142
245100000	1133
245200000	1157
245300000	1109
245400000	1163
245500000	1165
245600000	1095
245700000	1129
245800000	1096
245900000	1104
246000000	1157
246100000	1099
246200000	1038
246300000	1157
246400000	1103
246500000	1069
246600000	1125
246700000	1085
246800000	1036
246900000	1017
247000000	1073
247100000	1076
247200000	1154
247300000	1058
247400000	1125
247500000	1074
247600000	1073
247700000	1088
247800000	1100
247900000	1053
248000000	1062
248100000	1048
248200000	1063
248300000	1084
248400000	1103
248500000	1030
248600000	1090
248700000	1139
248800000	1091
248900000	1084
249000000	1019
249100000	1016
249200000	1021
249300000	1057
249400000	1081
249500000	998
249600000	1054
249700000	1032
249800000	1066
249900000	1016
250000000	1009
250100000	1022
250200000	987
250300000	971
250400000	1067
250500000	1006
250600000	1005
250700000	1086
250800000	1066
250900000	1032
251000000	947
251100000	1024
251200000	1032
251300000	1036
251400000	988
251500000	993
251600000	953
251700000	1006
251800000	1010
251900000	988
252000000	1003
252100000	994
252200000	969
252300000	974
252400000	936
252500000	954
252600000	934
252700000	987
252800000	955
252900000	970
253000000	925
253100000	959
253200000	969
253300000	985
253400000	988
253500000	1012
253600000	907
253700000	955
253800000	943
253900000	935
254000000	962
254100000	993
254200000	935
254300000	928
254400000	943
254500000	895
254600000	936
254700000	860
254800000	904
254900000	838
255000000	947
255100000	930
255200000	902
255300000	918
255400000	919
255500000	916
255600000	891
255700000	886
255800000	917
255900000	905
256000000	882
256100000	851
256200000	919
256300000	915
256400000	906
256500000	853
256600000	923
256700000	873
256800000	868
256900000	911
257000000	822
257100000	888
257200000	784
257300000	843
257400000	890
257500000	837
257600000	879
257700000	875
257800000	828
257900000	894
258000000	831
258100000	827
258200000	882
258300000	887
258400000	930
258500000	869
258600000	793
258700000	823
258800000	826
258900000	896
259000000	768
259100000	860
259200000	849
259300000	856
259400000	830
259500000	817
259600000	820
259700000	804
259800000	832
259900000	781
260000000	819
260100000	852
260200000	816
260300000	775
260400000	825
260500000	814
260600000	823
260700000	847
260800000	853
260900000	819
261000000	783
261100000	793
261200000	788
261300000	804
261400000	839
261500000	826
261600000	775
261700000	766
261800000	834
261900000	791
262000000	752
262100000	745
262200000	763
262300000	869
262400000	788
262500000	716
262600000	767
262700000	820
262800000	804
262900000	774
263000000	779
263100000	736
263200000	794
263300000	811
263400000	784
263500000	798
263600000	745
263700000	753
263800000	746
263900000	735
264000000	777
264100000	744
264200000	759
264300000	805
264400000	704
264500000	745
264600000	756
264700000	768
264800000	723
264900000	717
265000000	722
265100000	735
265200000	715
265300000	753
265400000	746
265500000	751
265600000	720
265700000	766
265800000	745
265900000	725
266000000	673
266100000	749
266200000	726
266300000	676
266400000	766
266500000	739
266600000	752
266700000	705
266800000	684
266900000	729
267000000	719
267100000	702
267200000	702
267300000	727
267400000	724
267500000	699
267600000	738
267700000	697
267800000	688
267900000	733
268000000	738
268100000	679
268200000	703
268300000	666
268400000	692
268500000	700
268600000	706
268700000	726
268800000	741
268900000	701
269000000	675
269100000	780
269200000	666
269300000	699
269400000	703
269500000	703
269600000	677
269700000	643
269800000	667
269900000	702
270000000	754
270100000	657
270200000	702
270300000	672
270400000	681
270500000	664
270600000	708
270700000	763
270800000	682
270900000	672
271000000	665
271100000	719
271200000	658
271300000	674
271400000	613
271500000	662
271600000	634
271700000	639
271800000	653
271900000	700
272000000	663
272100000	656
272200000	658
272300000	639
272400000	630
272500000	648
272600000	632
272700000	654
272800000	659
272900000	648
273000000	665
273100000	611
273200000	636
273300000	646
273400000	647
273500000	642
273600000	633
273700000	605
273800000	591
273900000	658
274000000	611
274100000	590
274200000	595
274300000	612
274400000	646
274500000	604
274600000	645
274700000	601
274800000	620
274900000	624
275000000	646
275100000	607
275200000	599
275300000	619
275400000	581
275500000	593
275600000	629
275700000	603
275800000	617
275900000	610
276000000	602
276100000	554
276200000	601
276300000	625
276400000	634
276500000	609
276600000	565
276700000	609
276800000	594
276900000	558
277000000	568
277100000	607
277200000	581
277300000	615
277400000	597
277500000	568
277600000	556
277700000	556
277800000	593
277900000	589
278000000	548
278100000	585
278200000	619
278300000	610
278400000	566
278500000	589
278600000	650
278700000	585
278800000	545
278900000	556
279000000	597
279100000	583
279200000	573
279300000	574
279400000	595
279500000	587
279600000	577
279700000	591
279800000	557
279900000	576
280000000	577
280100000	555
280200000	553
280300000	558
280400000	521
280500000	556
280600000	554
280700000	541
280800000	543
280900000	582
281000000	500
281100000	541
281200000	556
281300000	557
281400000	530
281500000	582
281600000	565
281700000	556
281800000	521
281900000	574
282000000	525
282100000	569
282200000	529
282300000	489
282400000	549
282500000	540
282600000	493
282700000	553
282800000	521
282900000	495
283000000	495
283100000	519
283200000	552
283300000	522
283400000	547
283500000	524
283600000	550
283700000	548
283800000	551
283900000	514
284000000	559
284100000	548
284200000	537
284300000	473
284400000	498
284500000	498
284600000	477
284700000	495
284800000	540
284900000	520
285000000	557
285100000	501
285200000	531
285300000	480
285400000	514
285500000	523
285600000	489
285700000	491
285800000	500
285900000	504
286000000	553
286100000	531
286200000	545
286300000	540
286400000	496
286500000	539
286600000	520
286700000	482
286800000	503
286900000	496
287000000	506
287100000	507
287200000	514
287300000	481
287400000	492
287500000	482
287600000	527
287700000	499
287800000	460
287900000	499
288000000	514
288100000	497
288200000	486
288300000	506
288400000	505
288500000	470
288600000	486
288700000	485
288800000	514
288900000	452
289000000	496
289100000	459
289200000	494
289300000	523
289400000	487
289500000	497
289600000	456
289700000	471
289800000	469
289900000	498
290000000	501
290100000	432
290200000	494
290300000	479
290400000	454
290500000	495
290600000	507
290700000	446
290800000	511
290900000	478
291000000	452
291100000	478
291200000	494
291300000	452
291400000	407
291500000	446
291600000	442
291700000	403
291800000	493
291900000	426
292000000	436
292100000	453
292200000	455
292300000	460
292400000	427
292500000	487
292600000	481
292700000	494
292800000	483
292900000	421
293000000	430
293100000	474
293200000	482
293300000	464
293400000	416
293500000	451
293600000	407
293700000	473
293800000	432
293900000	452
294000000	458
294100000	493
294200000	454
294300000	464
294400000	422
294500000	451
294600000	446
294700000	415
294800000	438
294900000	453
295000000	443
295100000	453
295200000	421
295300000	467
295400000	419
295500000	423
295600000	428
295700000	427
295800000	465
295900000	434
296000000	420
296100000	458
296200000	443
296300000	447
296400000	428
296500000	432
296600000	449
296700000	384
296800000	413
296900000	430
297000000	415
297100000	399
297200000	448
297300000	446
297400000	415
297500000	388
297600000	428
297700000	388
297800000	397
297900000	436
298000000	405
298100000	415
298200000	395
298300000	434
298400000	456
298500000	447
298600000	419
298700000	406
298800000	419
298900000	405
299000000	418
299100000	410
299200000	396
299300000	417
299400000	397
299500000	436
299600000	412
299700000	426
299800000	408
299900000	417
